250  248  0000  0.080  0.084    85    86  6.626
250  264  0001  0.080  0.078   -26   -24  6.801
250  322  0002  0.080  0.081   110   110  9.359
250  298  0003  0.080  0.078    13    12  8.250
250  240  0004  0.080  0.087    92    92  6.213
250  246  0005  0.080  0.084   -76   -74  6.314
250  226  0006  0.080  0.075  -122  -124  6.064
250  235  0007  0.080  0.081   -36   -36  5.743
250  252  0008  0.080  0.078   -29   -28  6.395
250  255  0009  0.080  0.078  -143  -142  6.766
250  259  0010  0.080  0.078   -27   -24  6.583
250  264  0011  0.080  0.081   -46   -46  6.648
250  274  0012  0.080  0.078     5     8  7.142
250  219  0013  0.080  0.081    66    70  6.738
250  320  0014  0.080  0.084   109   112  9.141
250  214  0015  0.080  0.081   -83   -80  5.382
250  291  0016  0.080  0.084   -58   -58  7.810
250  260  0017  0.080  0.084   161   162  6.708
250  211  0018  0.080  0.081   -87   -88  5.299
250  256  0019  0.080  0.081    75    76  7.372
250  244  0020  0.080  0.087    97   100  6.707
250  236  0021  0.080  0.078   -99  -100  6.339
250  258  0022  0.080  0.084   156   156  6.735
250  234  0023  0.080  0.078   -98  -100  6.217
250  237  0024  0.080  0.078  -100  -100  6.399
250  244  0025  0.080  0.084    87    86  6.414
250  276  0026  0.080  0.084   -70   -68  7.276
250  250  0027  0.080  0.084    84    84  6.761
250  274  0028  0.080  0.081   169   168  6.858
250  291  0029  0.080  0.084   -59   -60  7.834
250  258  0030  0.080  0.084    29    26  7.962
250  237  0031  0.080  0.087    95    96  6.326
250  214  0032  0.080  0.081   -83   -80  5.382
250  193  0033  0.080  0.081    62    66  6.099
250  261  0034  0.080  0.078  -174  -176  5.817
250  259  0035  0.080  0.081   160   160  6.712
250  274  0036  0.080  0.081   171   170  6.607
250  298  0037  0.080  0.078    11    12  8.218
250  234  0038  0.080  0.084   -35   -34  5.775
250  251  0039  0.080  0.078     0     2  6.375
250  274  0040  0.080  0.081   171   170  6.607
250  233  0041  0.080  0.078   140   142  5.753
250  274  0042  0.080  0.078     5     8  7.142
250  242  0043  0.080  0.078  -128  -130  6.588
250  251  0044  0.080  0.078     0     2  6.375
250  174  0045  0.080  0.084    42    40  5.674
250  259  0046  0.080  0.078  -139  -140  6.962
250  205  0047  0.080  0.081   130   126  5.074
250  257  0048  0.080  0.078   -44   -46  6.447
250  242  0049  0.080  0.075    -9   -12  6.107
250  248  0050  0.080  0.084    85    86  6.626
250  240  0051  0.080  0.087    92    92  6.213
250  223  0052  0.080  0.075  -112  -112  6.062
250  278  0053  0.080  0.081   -51   -50  7.172
250  247  0054  0.080  0.075   -10   -12  6.278
250  160  0055  0.080  0.084    54    54  5.162
250  322  0056  0.080  0.081   110   110  9.359
250  262  0057  0.080  0.081   124   120  6.947
250  258  0058  0.080  0.084    29    26  7.962
250  276  0059  0.080  0.084   -70   -68  7.276
250  241  0060  0.080  0.087    91    92  6.283
250  252  0061  0.080  0.078  -145  -144  6.667
250  237  0062  0.080  0.078   141   142  5.896
250  237  0063  0.080  0.081   -78   -76  6.035
250  218  0064  0.080  0.075  -114  -112  5.832
250  258  0065  0.080  0.084   147   148  6.682
250  241  0066  0.080  0.087    91    92  6.283
250  249  0067  0.080  0.078  -146  -144  6.604
250  249  0068  0.080  0.078  -130  -132  6.760
250  251  0069  0.080  0.081   125   120  6.617
250  242  0070  0.080  0.078    -2     0  6.098
250  240  0071  0.080  0.075  -163  -164  6.205
250  252  0072  0.080  0.078   -29   -28  6.395
250  261  0073  0.080  0.081   150   150  6.830
250  268  0074  0.080  0.084   -72   -68  6.970
250  264  0075  0.080  0.081   -46   -46  6.648
250  259  0076  0.080  0.081   158   156  6.735
250  265  0077  0.080  0.078  -176  -178  5.583
250  236  0078  0.080  0.075  -162  -162  6.170
250  219  0079  0.080  0.078   137   138  5.290
250  264  0080  0.080  0.078   -26   -24  6.801
250  233  0081  0.080  0.075  -160  -160  6.110
250  285  0082  0.080  0.081    24    22  8.493
250  256  0083  0.080  0.081    76    76  7.303
250  263  0084  0.080  0.084   -73   -72  6.784
250  263  0085  0.080  0.084   -73   -72  6.784
250  273  0086  0.080  0.081   172   174  6.368
250  214  0087  0.080  0.081    65    70  6.598
250  249  0088  0.080  0.078  -130  -132  6.760
250  235  0089  0.080  0.075    -6    -6  5.904
250  242  0090  0.080  0.087    90    90  6.290
250  299  0091  0.080  0.081    20    20  8.578
250  298  0092  0.080  0.078    11    12  8.218
250  215  0093  0.080  0.081   -84   -84  5.354
250  242  0094  0.080  0.081   -31   -28  5.994
250  170  0095  0.080  0.081    58    60  5.438
250  241  0096  0.080  0.087    91    92  6.283
250  272  0097  0.080  0.081   -48   -48  6.933
250  254  0098  0.080  0.078   -28   -28  6.486
250  262  0099  0.080  0.081   162   162  6.777
240  225  0000  0.080  0.075  -160  -160  5.921
240  228  0001  0.080  0.081   -78   -76  5.822
240  226  0002  0.080  0.078  -105  -104  6.195
240  260  0003  0.080  0.078  -180  -180  5.088
240  256  0004  0.080  0.078  -176  -178  5.469
240  261  0005  0.080  0.081   179   178  5.351
240  151  0006  0.080  0.084    53    54  4.899
240  242  0007  0.080  0.078   -29   -28  6.163
240  238  0008  0.080  0.075  -167  -168  6.047
240  224  0009  0.080  0.075  -158  -158  5.911
240  204  0010  0.080  0.078   -85   -86  5.080
240  223  0011  0.080  0.075  -155  -152  5.874
240  156  0012  0.080  0.084    46    44  5.111
240  230  0013  0.080  0.075    -7    -8  5.857
240  281  0014  0.080  0.084   -66   -64  7.568
240  156  0015  0.080  0.084    46    44  5.111
240  315  0016  0.080  0.084   111   112  9.103
240  281  0017  0.080  0.081   121   118  7.776
240  250  0018  0.080  0.084   -74   -72  6.462
240  252  0019  0.080  0.078  -174  -176  5.680
240  254  0020  0.080  0.075  -175  -176  5.599
240  230  0021  0.080  0.075    -8    -8  5.871
240  284  0022  0.080  0.084   -62   -62  7.684
240  233  0023  0.080  0.078  -150  -148  6.195
240  261  0024  0.080  0.081   177   176  5.599
240  286  0025  0.080  0.081    10    10  7.777
240  247  0026  0.080  0.078  -142  -142  6.603
240  261  0027  0.080  0.078  -178  -178  5.310
240  257  0028  0.080  0.075   -15   -16  6.710
240  235  0029  0.080  0.084    31    28  7.326
240  243  0030  0.080  0.078  -169  -170  6.014
240  225  0031  0.080  0.078    -4    -2  5.658
240  266  0032  0.080  0.081   173   174  6.187
240  242  0033  0.080  0.084    84    84  6.555
240  191  0034  0.080  0.078   132   132  4.587
240  210  0035  0.080  0.078  -118  -118  5.653
240  260  0036  0.080  0.072   -17   -18  6.861
240  220  0037  0.080  0.084    33    28  6.990
240  252  0038  0.080  0.081   153   154  6.615
240  224  0039  0.080  0.078   -97   -98  5.974
240  265  0040  0.080  0.081   169   168  6.667
240  151  0041  0.080  0.084    55    56  4.872
240  250  0042  0.080  0.078  -173  -172  5.802
240  223  0043  0.080  0.072  -156  -154  5.884
240  305  0044  0.080  0.081   117   116  8.692
240  238  0045  0.080  0.084    72    74  7.006
240  292  0046  0.080  0.081    18    18  8.338
240  261  0047  0.080  0.081   177   176  5.599
240  242  0048  0.080  0.078  -131  -132  6.624
240  251  0049  0.080  0.078   -27   -24  6.418
240  232  0050  0.080  0.087    96    98  6.329
240  213  0051  0.080  0.075  -113  -112  5.775
240  250  0052  0.080  0.078  -139  -140  6.712
240  260  0053  0.080  0.078  -177  -178  5.437
240  253  0054  0.080  0.081   124   120  6.755
240  231  0055  0.080  0.081    70    72  6.882
240  273  0056  0.080  0.081   122   118  7.470
240  220  0057  0.080  0.075  -123  -124  5.950
240  236  0058  0.080  0.084    87    86  6.228
240  251  0059  0.080  0.078   -27   -24  6.418
240  225  0060  0.080  0.075  -160  -160  5.921
240  251  0061  0.080  0.078   -27   -24  6.418
240  191  0062  0.080  0.078   132   132  4.587
240  272  0063  0.080  0.081   -52   -54  7.178
240  238  0064  0.080  0.078  -147  -146  6.371
240  228  0065  0.080  0.078  -100  -100  6.181
240  259  0066  0.080  0.075   -16   -16  6.811
240  228  0067  0.080  0.078    -3    -2  5.768
240  172  0068  0.080  0.084    40    38  5.593
240  246  0069  0.080  0.078  -135  -134  6.655
240  203  0070  0.080  0.078   136   138  4.883
240  293  0071  0.080  0.081    17    18  8.243
240  200  0072  0.080  0.078   135   136  4.801
240  151  0073  0.080  0.087    52    50  4.804
240  203  0074  0.080  0.078   129   124  5.111
240  265  0075  0.080  0.081   -49   -50  6.902
240  234  0076  0.080  0.075  -165  -166  6.036
240  208  0077  0.080  0.078   -90   -92  5.299
240  288  0078  0.080  0.078    13    12  7.992
240  284  0079  0.080  0.084   -60   -60  7.710
240  231  0080  0.080  0.081    70    72  6.882
240  229  0081  0.080  0.075  -163  -164  5.978
240  289  0082  0.080  0.078    12    12  8.010
240  249  0083  0.080  0.084   156   156  6.525
240  247  0084  0.080  0.078  -141  -142  6.600
240  278  0085  0.080  0.084   103   106  8.144
240  261  0086  0.080  0.081   178   178  5.464
240  301  0087  0.080  0.081   118   116  8.462
240  220  0088  0.080  0.078   139   142  5.375
240  288  0089  0.080  0.078    13    12  7.992
240  238  0090  0.080  0.084    72    74  7.006
240  213  0091  0.080  0.075  -113  -112  5.775
240  227  0092  0.080  0.078   -99  -100  6.104
240  262  0093  0.080  0.081   -48   -48  6.720
240  291  0094  0.080  0.081    16    18  8.103
240  254  0095  0.080  0.075  -175  -176  5.599
240  287  0096  0.080  0.081    21    20  8.328
240  216  0097  0.080  0.078    67    70  6.594
240  263  0098  0.080  0.078   -22   -22  6.953
240  252  0099  0.080  0.081   153   154  6.615
230  286  0000  0.080  0.081   119   116  8.044
230  219  0001  0.080  0.081   -78   -76  5.606
230  241  0002  0.080  0.084   -74   -72  6.271
230  261  0003  0.080  0.081     6     8  6.897
230  246  0004  0.080  0.078   -26   -24  6.387
230  268  0005  0.080  0.084   -67   -64  7.200
230  206  0006  0.080  0.075  -112  -112  5.625
230  222  0007  0.080  0.087    93    94  5.900
230  265  0008  0.080  0.081     7     8  7.070
230  238  0009  0.080  0.081    76    76  6.801
230  194  0010  0.080  0.078   -85   -86  4.881
230  283  0011  0.080  0.081    18    18  8.057
230  231  0012  0.080  0.078   -30   -28  5.850
230  242  0013  0.080  0.075   -14   -16  6.343
230  239  0014  0.080  0.075   -13   -14  6.230
230  306  0015  0.080  0.084   114   114  8.802
230  265  0016  0.080  0.081    24    22  7.944
230  218  0017  0.080  0.078    -3    -2  5.529
230  253  0018  0.080  0.081   172   174  6.059
230  220  0019  0.080  0.078  -152  -150  5.862
230  257  0020  0.080  0.075   -20   -20  6.829
230  238  0021  0.080  0.078  -134  -134  6.480
230  282  0022  0.080  0.078    12    12  7.773
230  219  0023  0.080  0.081   -78   -76  5.606
230  229  0024  0.080  0.084    72    74  6.768
230  237  0025  0.080  0.078  -133  -134  6.462
230  195  0026  0.080  0.078   -86   -86  4.949
230  234  0027  0.080  0.078  -145  -144  6.237
230  271  0028  0.080  0.081     8    10  7.291
230  189  0029  0.080  0.081   130   126  4.740
230  240  0030  0.080  0.084   147   148  6.251
230  210  0031  0.080  0.075  -110  -108  5.725
230  246  0032  0.080  0.081   163   162  6.387
230  215  0033  0.080  0.081   -79   -76  5.502
230  280  0034  0.080  0.081    20    20  8.050
230  286  0035  0.080  0.081   119   116  8.044
230  210  0036  0.080  0.075  -110  -108  5.725
230  145  0037  0.080  0.084    49    48  4.752
230  236  0038  0.080  0.078  -170  -170  5.832
230  277  0039  0.080  0.084   -62   -62  7.491
230  263  0040  0.080  0.081   -52   -54  6.979
230  267  0041  0.080  0.084   -68   -66  7.166
230  213  0042  0.080  0.078  -124  -126  5.784
230  242  0043  0.080  0.084   161   162  6.291
230  201  0044  0.080  0.078  -118  -118  5.433
230  234  0045  0.080  0.075   -12   -14  6.065
230  228  0046  0.080  0.078    -1     0  5.837
230  256  0047  0.080  0.081   123   118  6.929
230  201  0048  0.080  0.075  -114  -112  5.420
230  238  0049  0.080  0.081    76    76  6.801
230  256  0050  0.080  0.081   123   118  6.929
230  201  0051  0.080  0.075  -117  -116  5.411
230  280  0052  0.080  0.078    13    12  7.775
230  217  0053  0.080  0.075  -154  -152  5.729
230  221  0054  0.080  0.081   -32   -32  5.544
230  240  0055  0.080  0.078  -172  -172  5.715
230  237  0056  0.080  0.081    82    82  6.519
230  219  0057  0.080  0.078  -101  -100  5.979
230  257  0058  0.080  0.081   -49   -50  6.734
230  207  0059  0.080  0.081   138   142  5.056
230  235  0060  0.080  0.078  -144  -144  6.275
230  252  0061  0.080  0.084   101   104  7.337
230  252  0062  0.080  0.081   167   168  6.463
230  197  0063  0.080  0.078   -89   -92  4.961
230  146  0064  0.080  0.084    56    56  4.669
230  279  0065  0.080  0.081   120   116  7.786
230  248  0066  0.080  0.084   164   164  6.448
230  215  0067  0.080  0.075  -158  -158  5.703
230  280  0068  0.080  0.081    19    20  7.937
230  211  0069  0.080  0.084    33    28  6.747
230  218  0070  0.080  0.078  -153  -150  5.767
230  197  0071  0.080  0.078   -89   -92  4.961
230  225  0072  0.080  0.075    -9   -12  5.743
230  217  0073  0.080  0.081   -34   -34  5.423
230  276  0074  0.080  0.081    10    10  7.535
230  240  0075  0.080  0.081   159   160  6.278
230  221  0076  0.080  0.081   -32   -32  5.544
230  242  0077  0.080  0.075  -174  -176  5.508
230  257  0078  0.080  0.078     5     8  6.751
230  218  0079  0.080  0.078  -153  -150  5.767
230  216  0080  0.080  0.078   -98   -98  5.807
230  240  0081  0.080  0.081    78    78  6.777
230  229  0082  0.080  0.084    87    86  6.032
230  215  0083  0.080  0.078   -97   -98  5.775
230  220  0084  0.080  0.078   141   142  5.527
230  260  0085  0.080  0.081    25    22  7.811
230  254  0086  0.080  0.081   175   174  5.743
230  225  0087  0.080  0.078  -149  -148  6.019
230  168  0088  0.080  0.084    39    36  5.470
230  215  0089  0.080  0.075  -159  -160  5.676
230  219  0090  0.080  0.075  -162  -162  5.765
230  204  0091  0.080  0.075  -113  -112  5.544
230  263  0092  0.080  0.081   -52   -54  6.979
230  205  0093  0.080  0.084    34    30  6.521
230  220  0094  0.080  0.078  -104  -104  6.038
230  248  0095  0.080  0.084   164   164  6.448
230  304  0096  0.080  0.081   115   114  8.771
230  246  0097  0.080  0.084   -73   -72  6.406
230  225  0098  0.080  0.078  -149  -148  6.019
230  183  0099  0.080  0.081   133   134  4.373
220  159  0000  0.080  0.081    61    66  5.078
220  228  0001  0.080  0.081   145   146  5.920
220  261  0002  0.080  0.081   -55   -56  7.058
220  207  0003  0.080  0.072  -154  -152  5.511
220  243  0004  0.080  0.081   -47   -48  6.293
220  226  0005  0.080  0.084    84    84  6.159
220  207  0006  0.080  0.081   127   120  5.382
220  137  0007  0.080  0.084    50    48  4.450
220  218  0008  0.080  0.081   126   120  5.764
220  284  0009  0.080  0.081   118   116  8.093
220  256  0010  0.080  0.081   -53   -54  6.855
220  210  0011  0.080  0.075    -4    -4  5.371
220  246  0012  0.080  0.084    26    24  7.430
220  135  0013  0.080  0.087    52    50  4.350
220  141  0014  0.080  0.087    45    44  4.648
220  145  0015  0.080  0.087    43    42  4.741
220  242  0016  0.080  0.081   179   178  5.148
220  211  0017  0.080  0.078   141   142  5.303
220  251  0018  0.080  0.081    25    22  7.566
220  250  0019  0.080  0.084   -70   -66  6.690
220  242  0020  0.080  0.081   165   166  6.292
220  231  0021  0.080  0.084    99   104  6.613
220  233  0022  0.080  0.084   -74   -72  6.115
220  299  0023  0.080  0.084   113   114  8.670
220  217  0024  0.080  0.087    95    96  5.863
220  265  0025  0.080  0.084   -61   -60  7.244
220  243  0026  0.080  0.078     4     6  6.372
220  193  0027  0.080  0.081    66    70  5.940
220  207  0028  0.080  0.072    -6    -6  5.293
220  147  0029  0.080  0.084    42    40  4.838
220  225  0030  0.080  0.078  -144  -144  6.042
220  226  0031  0.080  0.078  -132  -134  6.185
220  225  0032  0.080  0.087    98   102  6.417
220  218  0033  0.080  0.078  -148  -146  5.861
220  252  0034  0.080  0.081     6     8  6.686
220  188  0035  0.080  0.078   129   124  4.804
220  212  0036  0.080  0.075  -127  -128  5.786
220  231  0037  0.080  0.081    78    78  6.531
220  237  0038  0.080  0.081   150   150  6.214
220  212  0039  0.080  0.081   -38   -40  5.269
220  231  0040  0.080  0.084    99   104  6.613
220  139  0041  0.080  0.087    47    46  4.567
220  231  0042  0.080  0.084   147   148  6.043
220  209  0043  0.080  0.081    69    72  6.299
220  248  0044  0.080  0.075   -20   -20  6.587
220  204  0045  0.080  0.081    68    72  6.172
220  267  0046  0.080  0.081    21    20  7.764
220  220  0047  0.080  0.075   -10   -12  5.673
220  216  0048  0.080  0.078  -149  -148  5.781
220  230  0049  0.080  0.078  -137  -138  6.244
220  217  0050  0.080  0.084   -77   -74  5.645
220  191  0051  0.080  0.078   137   138  4.694
220  255  0052  0.080  0.081   -52   -54  6.837
220  230  0053  0.080  0.084    29    26  7.132
220  235  0054  0.080  0.081   149   148  6.133
220  228  0055  0.080  0.078  -133  -134  6.242
220  263  0056  0.080  0.084   -66   -64  7.131
220  218  0057  0.080  0.078  -129  -132  5.985
220  272  0058  0.080  0.078    13    12  7.543
220  246  0059  0.080  0.081   169   168  6.275
220  242  0060  0.080  0.084    27    24  7.369
220  236  0061  0.080  0.081   151   150  6.164
220  241  0062  0.080  0.075   -16   -16  6.398
220  211  0063  0.080  0.078   141   142  5.303
220  251  0064  0.080  0.081    25    22  7.566
220  206  0065  0.080  0.072  -157  -154  5.474
220  230  0066  0.080  0.075  -136  -136  6.277
220  266  0067  0.080  0.084   -60   -60  7.253
220  240  0068  0.080  0.078  -180   180  5.026
220  243  0069  0.080  0.078   -23   -22  6.453
220  149  0070  0.080  0.078    59    64  4.749
220  202  0071  0.080  0.078   -95   -96  5.372
220  209  0072  0.080  0.081    69    72  6.299
220  243  0073  0.080  0.081   166   166  6.300
220  250  0074  0.080  0.084   -70   -66  6.690
220  183  0075  0.080  0.078   135   136  4.453
220  214  0076  0.080  0.075    -2     0  5.460
220  261  0077  0.080  0.081   -55   -56  7.058
220  245  0078  0.080  0.084   101   106  7.070
220  214  0079  0.080  0.075  -164  -164  5.628
220  248  0080  0.080  0.078     5     8  6.521
220  193  0081  0.080  0.075  -119  -120  5.239
220  216  0082  0.080  0.087    91    92  5.747
220  238  0083  0.080  0.081   124   118  6.406
220  225  0084  0.080  0.081   -42   -44  5.692
220  225  0085  0.080  0.084    30    26  7.034
220  227  0086  0.080  0.084    83    84  6.241
220  240  0087  0.080  0.078   -24   -24  6.335
220  209  0088  0.080  0.078  -105  -104  5.765
220  186  0089  0.080  0.078   -87   -86  4.740
220  220  0090  0.080  0.087    97   100  6.179
220  208  0091  0.080  0.075  -161  -162  5.492
220  225  0092  0.080  0.078  -144  -144  6.042
220  257  0093  0.080  0.084   -68   -66  6.931
220  196  0094  0.080  0.075  -121  -124  5.307
220  222  0095  0.080  0.087    89    90  5.898
220  206  0096  0.080  0.075  -158  -158  5.505
220  209  0097  0.080  0.078  -105  -104  5.765
220  208  0098  0.080  0.081   -34   -34  5.215
220  265  0099  0.080  0.084   -64   -62  7.196
210  215  0000  0.080  0.075  -168  -168  5.534
210  184  0001  0.080  0.078   -90   -92  4.729
210  254  0002  0.080  0.084   103   106  7.547
210  264  0003  0.080  0.081    18    18  7.550
210  207  0004  0.080  0.087    92    92  5.508
210  166  0005  0.080  0.078   132   132  4.037
210  265  0006  0.080  0.081    14    16  7.364
210  256  0007  0.080  0.084   -59   -60  7.007
210  234  0008  0.080  0.081   167   168  6.050
210  246  0009  0.080  0.081   -52   -54  6.604
210  202  0010  0.080  0.078  -102  -104  5.516
210  201  0011  0.080  0.075    -5    -6  5.152
210  188  0012  0.080  0.084    34    30  5.989
210  239  0013  0.080  0.084   -71   -68  6.398
210  219  0014  0.080  0.081    76    76  6.272
210  238  0015  0.080  0.075   -19   -20  6.352
210  190  0016  0.080  0.078   138   142  4.696
210  235  0017  0.080  0.078   -23   -22  6.216
210  243  0018  0.080  0.081   -51   -50  6.387
210  198  0019  0.080  0.081   -79   -76  5.102
210  254  0020  0.080  0.084   103   106  7.547
210  237  0021  0.080  0.081   173   174  5.704
210  197  0022  0.080  0.072  -157  -154  5.264
210  261  0023  0.080  0.081    20    20  7.495
210  277  0024  0.080  0.084   107   110  8.161
210  258  0025  0.080  0.084   -60   -60  7.068
210  129  0026  0.080  0.084    49    48  4.226
210  212  0027  0.080  0.078  -147  -146  5.686
210  220  0028  0.080  0.084   -75   -72  5.768
210  215  0029  0.080  0.072   -11   -14  5.557
210  261  0030  0.080  0.078    11    12  7.184
210  221  0031  0.080  0.084    81    80  6.111
210  221  0032  0.080  0.081    77    78  6.314
210  221  0033  0.080  0.075  -137  -136  6.016
210  251  0034  0.080  0.081    23    22  7.393
210  219  0035  0.080  0.084    83    84  6.049
210  184  0036  0.080  0.075  -119  -120  5.026
210  211  0037  0.080  0.087    87    88  5.655
210  126  0038  0.080  0.087    52    50  4.069
210  212  0039  0.080  0.078  -147  -146  5.686
210  215  0040  0.080  0.078  -145  -144  5.799
210  215  0041  0.080  0.078   -29   -28  5.551
210  215  0042  0.080  0.075  -168  -168  5.534
210  198  0043  0.080  0.075  -158  -158  5.301
210  211  0044  0.080  0.084    72    74  6.211
210  141  0045  0.080  0.084    41    38  4.653
210  213  0046  0.080  0.084    86    86  5.745
210  220  0047  0.080  0.081   145   146  5.739
210  198  0048  0.080  0.072  -156  -154  5.274
210  221  0049  0.080  0.081    77    78  6.314
210  199  0050  0.080  0.084   -35   -34  5.019
210  220  0051  0.080  0.081    75    76  6.377
210  234  0052  0.080  0.078   176   176  5.354
210  259  0053  0.080  0.084   -62   -62  7.068
210  231  0054  0.080  0.078   -24   -24  6.116
210  237  0055  0.080  0.084   101   106  6.893
210  215  0056  0.080  0.078   -29   -28  5.551
210  190  0057  0.080  0.078   -93   -94  5.019
210  223  0058  0.080  0.081    79    78  6.257
210  217  0059  0.080  0.084    84    84  5.951
210  242  0060  0.080  0.087   -70   -66  6.522
210  286  0061  0.080  0.084   115   114  8.287
210  199  0062  0.080  0.072    -6    -6  5.089
210  194  0063  0.080  0.084    33    28  6.212
210  217  0064  0.080  0.078  -132  -134  5.960
210  157  0065  0.080  0.084    38    34  5.150
210  221  0066  0.080  0.081   159   160  5.818
210  208  0067  0.080  0.087    90    92  5.589
210  218  0068  0.080  0.078  -170  -170  5.468
210  204  0069  0.080  0.081    70    72  6.097
210  126  0070  0.080  0.084    56    56  4.025
210  216  0071  0.080  0.078  -144  -144  5.831
210  219  0072  0.080  0.075  -135  -136  5.994
210  200  0073  0.080  0.078   140   142  5.062
210  204  0074  0.080  0.075    -2     0  5.218
210  186  0075  0.080  0.075  -113  -112  5.111
210  227  0076  0.080  0.081   150   150  5.978
210  190  0077  0.080  0.075  -122  -124  5.209
210  203  0078  0.080  0.081   -38   -40  5.093
210  182  0079  0.080  0.075  -115  -114  4.978
210  172  0080  0.080  0.078   135   136  4.196
210  197  0081  0.080  0.078  -107  -106  5.482
210  243  0082  0.080  0.081   -51   -50  6.387
210  212  0083  0.080  0.087    97   100  5.994
210  129  0084  0.080  0.084    49    48  4.226
210  194  0085  0.080  0.084    33    28  6.212
210  262  0086  0.080  0.078    13    12  7.302
210  232  0087  0.080  0.081   177   176  5.231
210  275  0088  0.080  0.081   118   116  7.851
210  234  0089  0.080  0.084    27    24  7.129
210  190  0090  0.080  0.078   138   142  4.696
210  210  0091  0.080  0.084   -77   -74  5.473
210  257  0092  0.080  0.081    10    10  7.041
210  220  0093  0.080  0.078  -141  -142  5.916
210  199  0094  0.080  0.075  -160  -160  5.327
210  281  0095  0.080  0.084   108   112  8.156
210  235  0096  0.080  0.078   -23   -22  6.216
210  238  0097  0.080  0.078     5     8  6.314
210  254  0098  0.080  0.084   103   106  7.547
210  199  0099  0.080  0.084   -35   -34  5.019
200  157  0000  0.080  0.084    37    32  5.139
200  213  0001  0.080  0.078  -140  -140  5.759
200  156  0002  0.080  0.078    63    68  4.950
200  238  0003  0.080  0.081    24    22  7.071
200  170  0004  0.080  0.081    65    70  5.262
200  150  0005  0.080  0.084    38    32  4.933
200  230  0006  0.080  0.075   -20   -20  6.183
200  195  0007  0.080  0.081   -38   -40  4.927
200  129  0008  0.080  0.084    42    40  4.258
200  238  0009  0.080  0.081    24    22  7.071
200  266  0010  0.080  0.084   118   116  7.618
200  207  0011  0.080  0.078   -29   -28  5.380
200  227  0012  0.080  0.084   -72   -68  6.098
200  212  0013  0.080  0.075  -136  -136  5.820
200  246  0014  0.080  0.084   -59   -60  6.747
200  133  0015  0.080  0.084    41    38  4.383
200  188  0016  0.080  0.078   -96   -98  5.080
200  211  0017  0.080  0.078  -133  -134  5.774
200  237  0018  0.080  0.087   -69   -66  6.458
200  139  0019  0.080  0.084    40    36  4.586
200  217  0020  0.080  0.081   153   154  5.769
200  186  0021  0.080  0.075  -124  -126  5.128
200  280  0022  0.080  0.084   111   112  8.205
200  258  0023  0.080  0.084   105   110  7.526
200  222  0024  0.080  0.081   -46   -48  5.784
200  217  0025  0.080  0.081   153   154  5.769
200  116  0026  0.080  0.087    55    56  3.768
200  198  0027  0.080  0.075  -128  -130  5.432
200  192  0028  0.080  0.084   -37   -38  4.856
200  193  0029  0.080  0.084   -78   -74  5.031
200  170  0030  0.080  0.081    65    70  5.262
200  190  0031  0.080  0.078   -98   -98  5.207
200  186  0032  0.080  0.075  -109  -108  5.139
200  216  0033  0.080  0.081   148   148  5.669
200  174  0034  0.080  0.078   137   138  4.331
200  198  0035  0.080  0.081   -39   -40  5.007
200  188  0036  0.080  0.075  -107  -104  5.195
200  189  0037  0.080  0.072  -155  -152  5.064
200  181  0038  0.080  0.078    67    70  5.515
200  217  0039  0.080  0.081   162   162  5.721
200  247  0040  0.080  0.081   121   116  6.945
200  230  0041  0.080  0.081   -49   -50  6.127
200  248  0042  0.080  0.087   -64   -62  6.801
200  186  0043  0.080  0.084    33    28  5.951
200  208  0044  0.080  0.078  -132  -134  5.699
200  220  0045  0.080  0.081   151   150  5.790
200  253  0046  0.080  0.078    12    12  7.039
200  205  0047  0.080  0.075  -168  -168  5.305
200  210  0048  0.080  0.078  -172  -172  5.204
200  205  0049  0.080  0.084    85    86  5.638
200  255  0050  0.080  0.081    15    16  7.148
200  187  0051  0.080  0.078  -108  -106  5.201
200  244  0052  0.080  0.087   -67   -64  6.651
200  208  0053  0.080  0.078  -132  -134  5.699
200  194  0054  0.080  0.075  -163  -164  5.145
200  198  0055  0.080  0.078  -149  -148  5.337
200  256  0056  0.080  0.081    17    18  7.255
200  223  0057  0.080  0.081   179   178  4.924
200  212  0058  0.080  0.075  -136  -136  5.820
200  188  0059  0.080  0.078   -96   -98  5.080
200  210  0060  0.080  0.081    76    76  6.020
200  198  0061  0.080  0.081   -39   -40  5.007
200  227  0062  0.080  0.078   -22   -22  6.058
200  169  0063  0.080  0.078   -87   -90  4.285
200  189  0064  0.080  0.078  -125  -126  5.197
200  164  0065  0.080  0.078   135   136  4.006
200  198  0066  0.080  0.075  -128  -130  5.432
200  223  0067  0.080  0.081   177   176  5.100
200  229  0068  0.080  0.084    26    24  6.907
200  211  0069  0.080  0.078  -134  -134  5.782
200  158  0070  0.080  0.078   132   132  3.882
200  120  0071  0.080  0.084    50    48  3.940
200  212  0072  0.080  0.084    81    80  5.872
200  186  0073  0.080  0.075  -109  -108  5.139
200  228  0074  0.080  0.081   168   168  5.884
200  218  0075  0.080  0.081   154   154  5.805
200  200  0076  0.080  0.078    -1     2  5.133
200  228  0077  0.080  0.081   173   174  5.528
200  237  0078  0.080  0.081     7    10  6.348
200  180  0079  0.080  0.078   -92   -94  4.689
200  232  0080  0.080  0.081     6     8  6.194
200  216  0081  0.080  0.081   148   148  5.669
200  189  0082  0.080  0.072  -155  -152  5.064
200  229  0083  0.080  0.078     5     8  6.076
200  226  0084  0.080  0.081   172   174  5.538
200  164  0085  0.080  0.081   130   126  4.190
200  186  0086  0.080  0.075  -124  -126  5.128
200  214  0087  0.080  0.084   147   148  5.627
200  220  0088  0.080  0.078   -26   -24  5.788
200  204  0089  0.080  0.081   126   120  5.486
200  280  0090  0.080  0.084   111   112  8.205
200  199  0091  0.080  0.078   142   144  5.111
200  212  0092  0.080  0.078  -139  -140  5.767
200  239  0093  0.080  0.081   122   118  6.659
200  200  0094  0.080  0.087    92    92  5.340
200  190  0095  0.080  0.075  -159  -160  5.081
200  230  0096  0.080  0.075   -20   -20  6.183
200  191  0097  0.080  0.075  -161  -162  5.119
200  186  0098  0.080  0.075  -109  -108  5.139
200  213  0099  0.080  0.081    78    78  6.036
190  236  0000  0.080  0.081    22    20  6.961
190  194  0001  0.080  0.081    72    76  5.756
190  160  0002  0.080  0.078   136   138  3.950
190  170  0003  0.080  0.078   -92   -94  4.494
190  179  0004  0.080  0.075    -5    -4  4.624
190  208  0005  0.080  0.081   149   148  5.491
190  192  0006  0.080  0.081   -40   -42  4.902
190  181  0007  0.080  0.075  -159  -160  4.856
190  196  0008  0.080  0.087    88    90  5.339
190  191  0009  0.080  0.078    -1     2  4.957
190  200  0010  0.080  0.078  -143  -142  5.394
190  202  0011  0.080  0.078  -134  -134  5.543
190  182  0012  0.080  0.078   -99  -100  5.017
190  174  0013  0.080  0.078   138   142  4.375
190  207  0014  0.080  0.081   148   148  5.464
190  190  0015  0.080  0.081    71    72  5.603
190  136  0016  0.080  0.078    61    68  4.286
190  149  0017  0.080  0.081   131   130  3.713
190  111  0018  0.080  0.084    57    60  3.583
190  207  0019  0.080  0.078   -27   -24  5.422
190  174  0020  0.080  0.075  -123  -126  4.802
190  193  0021  0.080  0.090    92    92  5.190
190  175  0022  0.080  0.078   -94   -94  4.716
190  262  0023  0.080  0.084   117   116  7.588
190  195  0024  0.080  0.090    96   100  5.528
190  165  0025  0.080  0.075  -118  -120  4.537
190  194  0026  0.080  0.075  -168  -168  5.049
190  240  0027  0.080  0.087   -64   -62  6.605
190  218  0028  0.080  0.081   -48   -48  5.724
190  198  0029  0.080  0.087    97   100  5.653
190  182  0030  0.080  0.075  -126  -128  5.052
190  177  0031  0.080  0.081   -80   -76  4.621
190  199  0032  0.080  0.081   -42   -44  5.107
190  229  0033  0.080  0.081    24    22  6.805
190  211  0034  0.080  0.078     3     6  5.567
190  142  0035  0.080  0.084    38    32  4.679
190  183  0036  0.080  0.078  -102  -104  5.085
190  161  0037  0.080  0.078   -87   -90  4.112
190  208  0038  0.080  0.081   150   150  5.503
190  167  0039  0.080  0.078    66    70  5.175
190  272  0040  0.080  0.084   111   112  8.033
190  187  0041  0.080  0.072    -8   -10  4.869
190  210  0042  0.080  0.078  -177  -178  4.801
190  191  0043  0.080  0.078    -1     2  4.957
190  219  0044  0.080  0.078   -22   -22  5.849
190  110  0045  0.080  0.087    53    52  3.580
190  208  0046  0.080  0.081   149   148  5.491
190  125  0047  0.080  0.084    41    38  4.120
190  185  0048  0.080  0.078   -32   -30  4.751
190  186  0049  0.080  0.081   -38   -40  4.724
190  264  0050  0.080  0.084   108   112  7.736
190  196  0051  0.080  0.087    88    90  5.339
190  175  0052  0.080  0.078   -94   -94  4.716
190  216  0053  0.080  0.081   171   170  5.501
190  219  0054  0.080  0.072   -18   -18  5.885
190  190  0055  0.080  0.081    71    72  5.603
190  178  0056  0.080  0.084    33    28  5.678
190  193  0057  0.080  0.078  -147  -146  5.245
190  194  0058  0.080  0.087    91    92  5.233
190  148  0059  0.080  0.078    63    68  4.668
190  218  0060  0.080  0.081   173   174  5.349
190  193  0061  0.080  0.090    92    92  5.190
190  111  0062  0.080  0.084    57    60  3.583
190  245  0063  0.080  0.081    17    18  6.946
190  194  0064  0.080  0.087    87    88  5.299
190  223  0065  0.080  0.081     6     8  5.981
190  228  0066  0.080  0.081   -52   -54  6.189
190  175  0067  0.080  0.078   -94   -94  4.716
190  175  0068  0.080  0.075  -110  -108  4.849
190  183  0069  0.080  0.081    69    72  5.563
190  237  0070  0.080  0.084   -57   -58  6.492
190  198  0071  0.080  0.084   -76   -74  5.198
190  200  0072  0.080  0.075  -171  -172  5.026
190  237  0073  0.080  0.084   -57   -58  6.492
190  166  0074  0.080  0.078   -90   -92  4.328
190  177  0075  0.080  0.081   -80   -76  4.621
190  182  0076  0.080  0.078   -98   -98  4.980
190  241  0077  0.080  0.081    21    20  6.995
190  228  0078  0.080  0.081     7    10  6.145
190  230  0079  0.080  0.087   -69   -66  6.272
190  172  0080  0.080  0.078    67    70  5.226
190  215  0081  0.080  0.078     4     8  5.681
190  202  0082  0.080  0.078  -134  -134  5.543
190  216  0083  0.080  0.081   166   166  5.667
190  204  0084  0.080  0.075  -136  -136  5.622
190  206  0085  0.080  0.078     2     6  5.369
190  186  0086  0.080  0.081   -38   -40  4.724
190  209  0087  0.080  0.084   163   164  5.517
190  191  0088  0.080  0.078    -1     2  4.957
190  217  0089  0.080  0.081   124   118  5.991
190  225  0090  0.080  0.084   -51   -52  6.046
190  183  0091  0.080  0.084   -37   -38  4.652
190  215  0092  0.080  0.078     4     8  5.681
190  235  0093  0.080  0.087   -67   -64  6.441
190  210  0094  0.080  0.081   -45   -46  5.450
190  211  0095  0.080  0.078   -26   -24  5.579
190  192  0096  0.080  0.084    31    26  6.033
190  129  0097  0.080  0.084    40    36  4.252
190  203  0098  0.080  0.081   158   156  5.380
190  256  0099  0.080  0.084   106   110  7.590
180  183  0000  0.080  0.081   -40   -42  4.708
180  235  0001  0.080  0.081    16    18  6.584
180  213  0002  0.080  0.075   -19   -20  5.702
180  231  0003  0.080  0.078    11    12  6.411
180  230  0004  0.080  0.081    21    20  6.675
180  155  0005  0.080  0.078   -86   -86  4.019
180  183  0006  0.080  0.078    -1     2  4.766
180  173  0007  0.080  0.072  -156  -154  4.669
180  195  0008  0.080  0.084   146   148  5.134
180  160  0009  0.080  0.075   -91   -92  4.237
180  207  0010  0.080  0.081   -47   -48  5.477
180  216  0011  0.080  0.084   101   106  6.317
180  183  0012  0.080  0.075  -129  -130  5.088
180  214  0013  0.080  0.075   -20   -20  5.756
180  214  0014  0.080  0.075   -20   -20  5.756
180  203  0015  0.080  0.084   164   164  5.355
180  211  0016  0.080  0.072   -22   -22  5.652
180  159  0017  0.080  0.075  -120  -120  4.355
180  217  0018  0.080  0.081   123   118  6.046
180  196  0019  0.080  0.084    29    26  6.051
180  197  0020  0.080  0.072   -13   -16  5.212
180  200  0021  0.080  0.078  -177  -178  4.668
180  222  0022  0.080  0.084   102   106  6.628
180  187  0023  0.080  0.090    92    92  5.073
180  182  0024  0.080  0.078  -148  -146  4.964
180  174  0025  0.080  0.078  -101  -100  4.840
180  214  0026  0.080  0.081     6     8  5.771
180  103  0027  0.080  0.084    57    60  3.316
180  165  0028  0.080  0.081   -81   -78  4.306
180  223  0029  0.080  0.081   122   118  6.267
180  196  0030  0.080  0.084    80    80  5.506
180  160  0031  0.080  0.081   -82   -78  4.165
180  237  0032  0.080  0.084   104   110  6.965
180  168  0033  0.080  0.075  -109  -108  4.693
180  227  0034  0.080  0.087   -67   -64  6.247
180  206  0035  0.080  0.078   176   176  4.926
180  189  0036  0.080  0.084   -76   -72  5.034
180  199  0037  0.080  0.081   154   154  5.331
180  202  0038  0.080  0.078     3     6  5.345
180  164  0039  0.080  0.075  -111  -108  4.535
180  198  0040  0.080  0.075  -174  -176  4.828
180  196  0041  0.080  0.084    80    80  5.506
180  153  0042  0.080  0.078   -85   -86  3.948
180  203  0043  0.080  0.078  -180  -180  4.498
180  198  0044  0.080  0.075  -174  -176  4.828
180  200  0045  0.080  0.072   -14   -16  5.299
180  112  0046  0.080  0.084    42    40  3.686
180  206  0047  0.080  0.078   176   176  4.926
180  110  0048  0.080  0.087    43    42  3.634
180  171  0049  0.080  0.072    -5    -6  4.424
180  187  0050  0.080  0.072   -10   -14  4.866
180  164  0051  0.080  0.078    67    70  5.020
180  193  0052  0.080  0.081    75    76  5.599
180  196  0053  0.080  0.084    79    80  5.532
180  194  0054  0.080  0.081    77    78  5.553
180  197  0055  0.080  0.084   161   162  5.231
180  176  0056  0.080  0.072  -152  -150  4.764
180  230  0057  0.080  0.081    21    20  6.675
180  221  0058  0.080  0.081    24    22  6.553
180  160  0059  0.080  0.075  -113  -112  4.447
180  181  0060  0.080  0.084    71    74  5.374
180  261  0061  0.080  0.084   115   114  7.621
180  172  0062  0.080  0.081   -36   -36  4.397
180  178  0063  0.080  0.072  -164  -164  4.774
180  186  0064  0.080  0.078   -30   -28  4.842
180  224  0065  0.080  0.087   -68   -66  6.153
180  206  0066  0.080  0.078     4     8  5.476
180  198  0067  0.080  0.081   155   154  5.314
180  187  0068  0.080  0.090    94    94  5.127
180  148  0069  0.080  0.078   135   136  3.670
180  194  0070  0.080  0.075  -137  -136  5.319
180  196  0071  0.080  0.081   160   160  5.210
180  166  0072  0.080  0.078   138   142  4.189
180  251  0073  0.080  0.084   107   110  7.479
180  140  0074  0.080  0.078    63    68  4.372
180  232  0075  0.080  0.087   -63   -62  6.427
180  186  0076  0.080  0.087    89    90  5.027
180  178  0077  0.080  0.072  -164  -164  4.774
180  192  0078  0.080  0.084    82    84  5.383
180  187  0079  0.080  0.087    87    88  5.111
180  194  0080  0.080  0.084   -75   -72  5.184
180  197  0081  0.080  0.072   -13   -16  5.212
180  180  0082  0.080  0.075  -128  -130  4.991
180  158  0083  0.080  0.078   -90   -92  4.148
180  193  0084  0.080  0.078  -134  -134  5.323
180  133  0085  0.080  0.078    62    68  4.219
180  219  0086  0.080  0.081     7    10  5.946
180  263  0087  0.080  0.084   113   114  7.740
180  224  0088  0.080  0.081     8    10  6.087
180  231  0089  0.080  0.084   -60   -60  6.398
180  237  0090  0.080  0.084   104   110  6.965
180  187  0091  0.080  0.090    96   100  5.350
180  190  0092  0.080  0.075  -170  -172  4.847
180  207  0093  0.080  0.081   173   174  5.150
180  207  0094  0.080  0.081   175   174  5.014
180  103  0095  0.080  0.084    57    60  3.316
180  192  0096  0.080  0.081    76    76  5.496
180  242  0097  0.080  0.084   105   110  7.142
180  154  0098  0.080  0.078   -87   -90  3.944
180  209  0099  0.080  0.081   168   168  5.441
170  200  0000  0.080  0.081   174   174  4.953
170  181  0001  0.080  0.093    94    96  5.076
170  179  0002  0.080  0.072   -10   -14  4.694
170  146  0003  0.080  0.084   130   118  3.710
170  166  0004  0.080  0.072  -161  -162  4.492
170  181  0005  0.080  0.093    94    96  5.076
170  193  0006  0.080  0.081   -45   -46  5.055
170  168  0007  0.080  0.075    -2     0  4.384
170  254  0008  0.080  0.084   114   114  7.468
170  163  0009  0.080  0.075  -107  -104  4.566
170  253  0010  0.080  0.084   110   112  7.496
170  183  0011  0.080  0.084    84    84  5.089
170  189  0012  0.080  0.081   -44   -46  4.964
170  180  0013  0.080  0.087    86    88  4.951
170  221  0014  0.080  0.084   103   110  6.480
170  178  0015  0.080  0.078  -131  -132  4.957
170  148  0016  0.080  0.075  -117  -116  4.085
170  181  0017  0.080  0.075   -29   -26  4.740
170  254  0018  0.080  0.084   114   114  7.468
170  187  0019  0.080  0.084   -75   -72  5.018
170  247  0020  0.080  0.084   108   112  7.309
170  148  0021  0.080  0.075  -116  -116  4.069
170  201  0022  0.080  0.081   169   168  5.246
170  152  0023  0.080  0.075  -120  -122  4.201
170  182  0024  0.080  0.084   -76   -72  4.859
170  173  0025  0.080  0.078   142   144  4.488
170  177  0026  0.080  0.078  -146  -144  4.813
170  188  0027  0.080  0.078     2     6  4.964
170  148  0028  0.080  0.078   -89   -92  3.878
170  181  0029  0.080  0.084    30    26  5.646
170  183  0030  0.080  0.075  -171  -172  4.680
170  202  0031  0.080  0.084    26    24  6.048
170  164  0032  0.080  0.072  -157  -154  4.441
170  166  0033  0.080  0.078   -98   -98  4.553
170  164  0034  0.080  0.084   128   118  4.295
170  165  0035  0.080  0.075  -105  -104  4.626
170  181  0036  0.080  0.081   144   146  4.766
170  254  0037  0.080  0.084   111   112  7.548
170  172  0038  0.080  0.075  -149  -148  4.680
170  180  0039  0.080  0.087    87    88  4.927
170  175  0040  0.080  0.072    -9   -14  4.550
170  194  0041  0.080  0.084    99   104  5.744
170  171  0042  0.080  0.081   -39   -40  4.396
170  120  0043  0.080  0.078    61    68  3.824
170  172  0044  0.080  0.075  -149  -148  4.680
170  183  0045  0.080  0.084    84    84  5.089
170  164  0046  0.080  0.072  -159  -160  4.450
170  165  0047  0.080  0.075  -105  -104  4.626
170  179  0048  0.080  0.081   143   146  4.671
170  184  0049  0.080  0.081   145   146  4.846
170  160  0050  0.080  0.075  -108  -104  4.429
170  214  0051  0.080  0.081     8    10  5.833
170  247  0052  0.080  0.084   108   112  7.309
170  180  0053  0.080  0.090    93    94  4.958
170  162  0054  0.080  0.072    -5    -6  4.219
170  186  0055  0.080  0.084   146   148  4.929
170  168  0056  0.080  0.072  -162  -162  4.528
170  184  0057  0.080  0.075  -135  -136  5.069
170  180  0058  0.080  0.078  -145  -144  4.912
170  242  0059  0.080  0.084   107   110  7.234
170  174  0060  0.080  0.078  -148  -146  4.757
170  191  0061  0.080  0.081   148   148  5.042
170  178  0062  0.080  0.078   -30   -28  4.648
170  165  0063  0.080  0.081   -36   -36  4.225
170  218  0064  0.080  0.087   -67   -64  6.062
170  175  0065  0.080  0.078  -130  -132  4.887
170  166  0066  0.080  0.084   -79   -76  4.374
170  186  0067  0.080  0.081   158   156  4.944
170  165  0068  0.080  0.072  -155  -152  4.468
170  184  0069  0.080  0.075  -135  -136  5.069
170  185  0070  0.080  0.075   -28   -26  4.873
170  205  0071  0.080  0.087   -71   -66  5.604
170  185  0072  0.080  0.075  -139  -138  5.058
170  199  0073  0.080  0.072   -24   -22  5.303
170  165  0074  0.080  0.075  -126  -128  4.610
170  165  0075  0.080  0.072  -160  -160  4.492
170  223  0076  0.080  0.084   -60   -60  6.206
170  210  0077  0.080  0.081     7    10  5.696
170  168  0078  0.080  0.081   -38   -40  4.327
170  163  0079  0.080  0.075  -107  -104  4.566
170  169  0080  0.080  0.075  -151  -148  4.589
170  192  0081  0.080  0.078  -178  -178  4.465
170  185  0082  0.080  0.084    81    80  5.168
170  255  0083  0.080  0.084   113   114  7.499
170  180  0084  0.080  0.084    85    84  4.974
170  247  0085  0.080  0.084   108   112  7.309
170  179  0086  0.080  0.078     0     2  4.696
170  183  0087  0.080  0.078  -133  -134  5.064
170  211  0088  0.080  0.081    24    22  6.285
170  210  0089  0.080  0.081   -52   -54  5.751
170  218  0090  0.080  0.081    22    20  6.398
170  180  0091  0.080  0.090    91    92  4.920
170  241  0092  0.080  0.084   118   116  6.974
170  181  0093  0.080  0.090    96    98  5.158
170  182  0094  0.080  0.090    95    98  5.161
170  163  0095  0.080  0.075    -4    -4  4.247
170  201  0096  0.080  0.084   100   106  5.921
170  163  0097  0.080  0.075  -158  -158  4.435
170  184  0098  0.080  0.078   -43   -46  4.836
170  164  0099  0.080  0.072  -159  -160  4.450
160  215  0000  0.080  0.087   -63   -62  6.035
160  189  0001  0.080  0.081   168   168  4.993
160  209  0002  0.080  0.084   122   116  5.928
160  179  0003  0.080  0.078     2     6  4.721
160  242  0004  0.080  0.084   109   112  7.176
160  203  0005  0.080  0.081   -53   -54  5.570
160  147  0006  0.080  0.084    34    28  4.720
160  154  0007  0.080  0.075  -107  -104  4.313
160  131  0008  0.080  0.078   135   138  3.263
160  179  0009  0.080  0.081   147   148  4.741
160  176  0010  0.080  0.075  -173  -174  4.489
160  170  0011  0.080  0.072  -169  -170  4.490
160  100  0012  0.080  0.093    59   110  3.014
160  101  0013  0.080  0.093    52   112  3.388
160  165  0014  0.080  0.081   142   146  4.278
160  139  0015  0.080  0.078   -88   -90  3.637
160  205  0016  0.080  0.081    23    22  6.037
160  105  0017  0.080  0.093    41   112  3.419
160  189  0018  0.080  0.081   175   174  4.675
160  160  0019  0.080  0.072  -162  -162  4.348
160  176  0020  0.080  0.075  -172  -174  4.503
160  213  0021  0.080  0.087   -60   -60  5.950
160  174  0022  0.080  0.090    96    98  4.988
160  163  0023  0.080  0.084    71    74  4.805
160  105  0024  0.080  0.093    46   112  3.615
160  173  0025  0.080  0.078  -143  -142  4.712
160  238  0026  0.080  0.084   108   112  7.072
160  175  0027  0.080  0.084    84    84  4.858
160  181  0028  0.080  0.081   154   154  4.841
160  160  0029  0.080  0.069    -7   -12  4.143
160  185  0030  0.080  0.078   177   176  4.496
160  214  0031  0.080  0.081    19    18  6.175
160  182  0032  0.080  0.087   -74   -68  4.941
160  175  0033  0.080  0.081    75    76  5.039
160  157  0034  0.080  0.081    69    72  4.703
160  171  0035  0.080  0.087    86    88  4.738
160  166  0036  0.080  0.075  -148  -146  4.524
160  170  0037  0.080  0.081   143   146  4.460
160  148  0038  0.080  0.078   -92   -94  3.946
160  174  0039  0.080  0.090    96    98  4.988
160  171  0040  0.080  0.087    86    88  4.738
160  188  0041  0.080  0.081   172   174  4.799
160  144  0042  0.080  0.081   -82   -78  3.788
160  172  0043  0.080  0.075  -170  -172  4.510
160  209  0044  0.080  0.084   122   116  5.928
160  173  0045  0.080  0.078  -133  -134  4.805
160  231  0046  0.080  0.084   106   110  6.898
160  180  0047  0.080  0.084   -75   -72  4.845
160  155  0048  0.080  0.075    -4    -4  4.043
160  155  0049  0.080  0.075  -125  -128  4.320
160  184  0050  0.080  0.081   151   150  4.912
160  188  0051  0.080  0.081   -46   -48  5.008
160  209  0052  0.080  0.084   122   116  5.928
160  144  0053  0.080  0.072  -112  -110  4.021
160  168  0054  0.080  0.084   127   118  4.531
160  197  0055  0.080  0.081   -50   -50  5.328
160  207  0056  0.080  0.084   102   106  6.227
160  144  0057  0.080  0.081   -82   -78  3.788
160  159  0058  0.080  0.078   140   142  4.120
160  193  0059  0.080  0.078     5     8  5.202
160  174  0060  0.080  0.078  -134  -134  4.808
160  101  0061  0.080  0.093    56   112  3.203
160  245  0062  0.080  0.084   110   112  7.270
160  174  0063  0.080  0.075  -141  -140  4.754
160  214  0064  0.080  0.081    19    18  6.175
160  106  0065  0.080  0.093    43   112  3.542
160  182  0066  0.080  0.084   163   164  4.835
160  174  0067  0.080  0.090    90    92  4.809
160  154  0068  0.080  0.078   -96   -98  4.212
160  160  0069  0.080  0.069    -7   -12  4.143
160  177  0070  0.080  0.072   -11   -14  4.703
160  158  0071  0.080  0.078  -104  -104  4.426
160  158  0072  0.080  0.072  -161  -162  4.295
160  173  0073  0.080  0.078  -133  -134  4.805
160  173  0074  0.080  0.081   144   146  4.569
160  184  0075  0.080  0.081   -45   -46  4.881
160  213  0076  0.080  0.087   -65   -64  5.953
160  182  0077  0.080  0.078  -177  -178  4.398
160  215  0078  0.080  0.087   -63   -62  6.035
160  176  0079  0.080  0.090    95    98  5.014
160  213  0080  0.080  0.087   -60   -60  5.950
160  201  0081  0.080  0.087   -70   -66  5.569
160  173  0082  0.080  0.090    92    92  4.732
160  157  0083  0.080  0.078   -99  -100  4.354
160  168  0084  0.080  0.075  -130  -130  4.661
160  205  0085  0.080  0.081     8    10  5.606
160  174  0086  0.080  0.075  -141  -140  4.754
160  154  0087  0.080  0.075  -107  -104  4.313
160  158  0088  0.080  0.078  -100  -100  4.402
160  177  0089  0.080  0.081   160   160  4.736
160  136  0090  0.080  0.087   131   116  3.358
160  176  0091  0.080  0.090    95    98  5.014
160  174  0092  0.080  0.084   -42   -44  4.546
160  191  0093  0.080  0.081   -47   -48  5.095
160  213  0094  0.080  0.087   -66   -64  5.923
160  155  0095  0.080  0.081   -36   -36  4.002
160  163  0096  0.080  0.081   -39   -42  4.237
160  172  0097  0.080  0.084    85    84  4.752
160  101  0098  0.080  0.093    52   112  3.388
160  180  0099  0.080  0.081   155   154  4.824
150  186  0000  0.080  0.081   -49   -50  5.045
150  169  0001  0.080  0.084   159   158  4.512
150  111  0002  0.080  0.084    38    30  3.665
150  189  0003  0.080  0.081    25    22  5.639
150  155  0004  0.080  0.084    71    74  4.567
150  149  0005  0.080  0.081   -33   -32  3.863
150  199  0006  0.080  0.087   -68   -64  5.533
150  161  0007  0.080  0.084   -77   -74  4.327
150  155  0008  0.080  0.084    71    74  4.567
150  147  0009  0.080  0.084   -35   -34  3.809
150  170  0010  0.080  0.084    80    80  4.780
150  98  0011  0.080  0.078    60    68  3.133
150  144  0012  0.080  0.078   -95   -98  3.900
150  181  0013  0.080  0.081   169   168  4.750
150  206  0014  0.080  0.087   -60   -60  5.754
150  172  0015  0.080  0.081   154   154  4.631
150  219  0016  0.080  0.084   105   110  6.528
150  179  0017  0.080  0.072   -14   -16  4.817
150  134  0018  0.080  0.084    35    28  4.322
150  178  0019  0.080  0.081   172   174  4.577
150  206  0020  0.080  0.087   -62   -62  5.753
150  236  0021  0.080  0.084   114   114  6.980
150  166  0022  0.080  0.075   -29   -26  4.365
150  148  0023  0.080  0.078   -98   -98  4.086
150  166  0024  0.080  0.084   -42   -44  4.345
150  188  0025  0.080  0.081   -50   -50  5.120
150  119  0026  0.080  0.084    37    30  3.866
150  104  0027  0.080  0.093    49   112  3.657
150  163  0028  0.080  0.084   127   118  4.418
150  184  0029  0.080  0.084    26    22  5.567
150  104  0030  0.080  0.093    49   112  3.657
150  170  0031  0.080  0.084   146   148  4.537
150  164  0032  0.080  0.087    87    88  4.514
150  169  0033  0.080  0.084   159   158  4.512
150  104  0034  0.080  0.093    47   112  3.692
150  139  0035  0.080  0.081    67    72  4.233
150  169  0036  0.080  0.090    97   102  5.020
150  146  0037  0.080  0.084    33    26  4.664
150  169  0038  0.080  0.093    96    98  4.833
150  206  0039  0.080  0.081    16    18  5.797
150  139  0040  0.080  0.084    34    28  4.469
150  178  0041  0.080  0.081   171   170  4.644
150  103  0042  0.080  0.078    61    68  3.257
150  168  0043  0.080  0.075  -139  -138  4.590
150  205  0044  0.080  0.087   -65   -64  5.725
150  174  0045  0.080  0.078  -179   180  4.133
150  203  0046  0.080  0.084   -58   -58  5.664
150  146  0047  0.080  0.084   129   116  3.802
150  146  0048  0.080  0.075  -107  -104  4.082
150  168  0049  0.080  0.081   160   160  4.505
150  106  0050  0.080  0.093    41   112  3.522
150  147  0051  0.080  0.069  -157  -158  4.000
150  190  0052  0.080  0.081   -51   -54  5.226
150  157  0053  0.080  0.081   142   146  4.139
150  175  0054  0.080  0.081   -45   -46  4.640
150  185  0055  0.080  0.075   -21   -20  5.002
150  167  0056  0.080  0.075  -137  -136  4.593
150  203  0057  0.080  0.084   -58   -58  5.664
150  205  0058  0.080  0.087   -65   -64  5.725
150  154  0059  0.080  0.075  -150  -148  4.217
150  176  0060  0.080  0.087   -74   -68  4.794
150  161  0061  0.080  0.075   -30   -26  4.196
150  152  0062  0.080  0.078   -32   -28  3.917
150  138  0063  0.080  0.075  -111  -108  3.858
150  226  0064  0.080  0.084   107   112  6.697
150  151  0065  0.080  0.081    70    72  4.463
150  163  0066  0.080  0.075  -144  -144  4.448
150  166  0067  0.080  0.075  -141  -140  4.533
150  148  0068  0.080  0.072  -155  -152  4.042
150  134  0069  0.080  0.078    66    70  4.073
150  206  0070  0.080  0.087   -60   -60  5.754
150  168  0071  0.080  0.081   160   160  4.505
150  163  0072  0.080  0.075     1     4  4.343
150  166  0073  0.080  0.090    91    92  4.573
150  206  0074  0.080  0.081    16    18  5.797
150  149  0075  0.080  0.078   140   142  3.900
150  166  0076  0.080  0.075  -141  -140  4.533
150  179  0077  0.080  0.081   174   174  4.534
150  202  0078  0.080  0.081    21    20  5.876
150  140  0079  0.080  0.075  -122  -126  3.879
150  138  0080  0.080  0.078   -92   -94  3.709
150  231  0081  0.080  0.084   108   112  6.857
150  99  0082  0.080  0.093    58   112  3.083
150  155  0083  0.080  0.084    71    74  4.567
150  142  0084  0.080  0.075  -109  -108  3.990
150  147  0085  0.080  0.084   -36   -38  3.807
150  164  0086  0.080  0.087    86    88  4.519
150  179  0087  0.080  0.072   -14   -16  4.817
150  174  0088  0.080  0.078  -179   180  4.133
150  146  0089  0.080  0.075  -107  -104  4.082
150  156  0090  0.080  0.075  -149  -148  4.269
150  152  0091  0.080  0.075  -127  -130  4.243
150  167  0092  0.080  0.084    82    84  4.695
150  206  0093  0.080  0.081    16    18  5.797
150  176  0094  0.080  0.084    28    24  5.367
150  151  0095  0.080  0.084   -79   -74  4.045
150  98  0096  0.080  0.078    60    68  3.133
150  104  0097  0.080  0.093    49   112  3.657
150  160  0098  0.080  0.075  -146  -144  4.362
150  197  0099  0.080  0.087   -69   -66  5.467
140  143  0000  0.080  0.072  -152  -150  3.917
140  227  0001  0.080  0.084   112   114  6.720
140  100  0002  0.080  0.093    58   110  3.247
140  102  0003  0.080  0.093    53   112  3.528
140  107  0004  0.080  0.093    43   112  3.726
140  157  0005  0.080  0.075  -171  -172  4.162
140  173  0006  0.080  0.081   -47   -48  4.669
140  138  0007  0.080  0.084   -80   -74  3.701
140  192  0008  0.080  0.078    10    12  5.307
140  160  0009  0.080  0.084    79    80  4.531
140  133  0010  0.080  0.078   138   142  3.417
140  145  0011  0.080  0.072  -163  -164  3.952
140  99  0012  0.080  0.093    60   112  3.074
140  172  0013  0.080  0.084    27    24  5.153
140  137  0014  0.080  0.087   130   116  3.562
140  163  0015  0.080  0.084   147   148  4.374
140  104  0016  0.080  0.093    50   112  3.685
140  142  0017  0.080  0.069  -158  -158  3.888
140  107  0018  0.080  0.093    43   112  3.726
140  175  0019  0.080  0.084    99   106  5.194
140  227  0020  0.080  0.084   111   112  6.768
140  198  0021  0.080  0.087   -62   -62  5.571
140  227  0022  0.080  0.084   110   112  6.769
140  166  0023  0.080  0.081   179   178  4.064
140  145  0024  0.080  0.072  -162  -162  3.950
140  187  0025  0.080  0.081     8    10  5.120
140  162  0026  0.080  0.081   162   162  4.336
140  175  0027  0.080  0.078     5     8  4.737
140  178  0028  0.080  0.072   -19   -18  4.835
140  167  0029  0.080  0.081   151   150  4.484
140  135  0030  0.080  0.078   -95   -98  3.672
140  174  0031  0.080  0.072   -16   -16  4.709
140  164  0032  0.080  0.084   153   152  4.409
140  125  0033  0.080  0.084    35    28  4.030
140  161  0034  0.080  0.084   146   148  4.331
140  175  0035  0.080  0.078     5     8  4.737
140  124  0036  0.080  0.081   -83   -78  3.281
140  177  0037  0.080  0.072   -17   -18  4.787
140  151  0038  0.080  0.084   128   116  4.032
140  134  0039  0.080  0.075  -108  -104  3.777
140  149  0040  0.080  0.072  -166  -166  4.050
140  100  0041  0.080  0.093    57   112  3.243
140  140  0042  0.080  0.069  -155  -152  3.833
140  142  0043  0.080  0.069    -6   -10  3.712
140  121  0044  0.080  0.078   -86   -86  3.172
140  100  0045  0.080  0.093    58   110  3.247
140  191  0046  0.080  0.087   -68   -64  5.324
140  162  0047  0.080  0.084    80    80  4.571
140  102  0048  0.080  0.093    53   112  3.528
140  99  0049  0.080  0.093    60   112  3.074
140  227  0050  0.080  0.084   112   114  6.720
140  115  0051  0.080  0.078    64    70  3.538
140  106  0052  0.080  0.093    42   112  3.670
140  211  0053  0.080  0.084   105   110  6.353
140  149  0054  0.080  0.072  -166  -166  4.050
140  143  0055  0.080  0.072  -152  -150  3.917
140  177  0056  0.080  0.087   -72   -68  4.897
140  144  0057  0.080  0.078   -32   -28  3.736
140  171  0058  0.080  0.081   168   168  4.553
140  165  0059  0.080  0.081   150   150  4.448
140  129  0060  0.080  0.087   132   114  3.216
140  194  0061  0.080  0.084   -57   -58  5.415
140  154  0062  0.080  0.081   143   146  4.081
140  178  0063  0.080  0.072   -19   -18  4.835
140  193  0064  0.080  0.084   102   110  5.679
140  156  0065  0.080  0.075  -143  -140  4.247
140  177  0066  0.080  0.072   -17   -18  4.787
140  158  0067  0.080  0.084    82    84  4.464
140  154  0068  0.080  0.072  -169  -170  4.127
140  139  0069  0.080  0.078  -101  -100  3.883
140  186  0070  0.080  0.081    23    20  5.483
140  153  0071  0.080  0.075   -30   -26  4.004
140  162  0072  0.080  0.081   162   162  4.336
140  167  0073  0.080  0.069   -12   -14  4.503
140  108  0074  0.080  0.078    63    70  3.373
140  139  0075  0.080  0.075    -3     0  3.643
140  156  0076  0.080  0.081    76    76  4.481
140  134  0077  0.080  0.081    68    72  4.037
140  212  0078  0.080  0.084   119   116  6.173
140  153  0079  0.080  0.081   -41   -44  4.037
140  175  0080  0.080  0.081   -48   -50  4.777
140  167  0081  0.080  0.072   -13   -16  4.488
140  166  0082  0.080  0.081   179   178  4.064
140  163  0083  0.080  0.078  -178  -178  3.987
140  163  0084  0.080  0.081   -44   -46  4.334
140  147  0085  0.080  0.075  -128  -130  4.115
140  153  0086  0.080  0.075   -30   -26  4.004
140  141  0087  0.080  0.075  -126  -128  3.934
140  154  0088  0.080  0.072  -169  -170  4.127
140  159  0089  0.080  0.081   158   156  4.266
140  159  0090  0.080  0.081   145   146  4.252
140  144  0091  0.080  0.084   -79   -74  3.883
140  141  0092  0.080  0.075  -103  -102  3.960
140  103  0093  0.080  0.081    62    70  3.234
140  170  0094  0.080  0.081   172   174  4.408
140  153  0095  0.080  0.075   -30   -26  4.004
140  107  0096  0.080  0.093    43   112  3.726
140  164  0097  0.080  0.078   -27   -24  4.386
140  166  0098  0.080  0.081   178   178  4.118
140  160  0099  0.080  0.081   -43   -46  4.254
130  150  0000  0.080  0.084   145   148  4.016
130  190  0001  0.080  0.087   -61   -60  5.350
130  106  0002  0.080  0.093    47   112  3.865
130  154  0003  0.080  0.093    93    96  4.377
130  130  0004  0.080  0.069    -4    -6  3.431
130  147  0005  0.080  0.087   -77   -70  4.008
130  207  0006  0.080  0.084   118   116  6.074
130  124  0007  0.080  0.075  -109  -108  3.500
130  156  0008  0.080  0.069   -11   -14  4.184
130  132  0009  0.080  0.075  -104  -102  3.701
130  153  0010  0.080  0.078  -177  -178  3.856
130  164  0011  0.080  0.072   -25   -22  4.410
130  162  0012  0.080  0.081   173   174  4.213
130  150  0013  0.080  0.084   145   148  4.016
130  145  0014  0.080  0.072  -169  -170  3.912
130  155  0015  0.080  0.081   148   148  4.173
130  189  0016  0.080  0.081    17    18  5.356
130  161  0017  0.080  0.081   168   168  4.312
130  141  0018  0.080  0.075     0     4  3.746
130  153  0019  0.080  0.078  -177  -178  3.856
130  167  0020  0.080  0.084    26    22  5.005
130  163  0021  0.080  0.078     5     8  4.444
130  148  0022  0.080  0.081   144   146  3.946
130  133  0023  0.080  0.069  -157  -154  3.644
130  126  0024  0.080  0.075  -108  -104  3.548
130  187  0025  0.080  0.084   102   110  5.543
130  193  0026  0.080  0.084   103   110  5.739
130  162  0027  0.080  0.081   174   174  4.174
130  203  0028  0.080  0.084   105   110  6.116
130  153  0029  0.080  0.084    80    80  4.318
130  160  0030  0.080  0.072   -13   -16  4.316
130  149  0031  0.080  0.084    30    24  4.611
130  161  0032  0.080  0.081   168   168  4.312
130  108  0033  0.080  0.093    38   112  3.531
130  162  0034  0.080  0.084    27    24  4.883
130  102  0035  0.080  0.093    55   112  3.473
130  149  0036  0.080  0.075   -29   -26  3.957
130  130  0037  0.080  0.084   -80   -74  3.510
130  181  0038  0.080  0.087   -69   -66  5.045
130  142  0039  0.080  0.072  -167  -166  3.852
130  166  0040  0.080  0.072   -24   -22  4.502
130  141  0041  0.080  0.081   142   146  3.729
130  169  0042  0.080  0.081   -49   -50  4.629
130  190  0043  0.080  0.087   -61   -60  5.350
130  146  0044  0.080  0.075   -30   -26  3.842
130  133  0045  0.080  0.084    70    74  3.932
130  190  0046  0.080  0.087   -64   -62  5.338
130  153  0047  0.080  0.069   -10   -14  4.094
130  170  0048  0.080  0.087   -72   -68  4.724
130  128  0049  0.080  0.078   -95   -98  3.480
130  129  0050  0.080  0.075  -125  -128  3.612
130  124  0051  0.080  0.075  -123  -126  3.464
130  103  0052  0.080  0.093    57   112  3.397
130  107  0053  0.080  0.093    42   112  3.757
130  102  0054  0.080  0.093    54   112  3.529
130  146  0055  0.080  0.081    75    76  4.212
130  113  0056  0.080  0.078   -88   -90  2.992
130  156  0057  0.080  0.084   164   164  4.203
130  152  0058  0.080  0.084   161   162  4.069
130  102  0059  0.080  0.093    54   112  3.529
130  189  0060  0.080  0.087   -60   -60  5.319
130  135  0061  0.080  0.087   130   114  3.520
130  128  0062  0.080  0.075  -107  -104  3.607
130  137  0063  0.080  0.081    71    76  4.016
130  183  0064  0.080  0.087   -68   -64  5.121
130  166  0065  0.080  0.072   -24   -22  4.502
130  137  0066  0.080  0.081   -39   -42  3.606
130  153  0067  0.080  0.081   162   162  4.096
130  129  0068  0.080  0.087   132   114  3.287
130  145  0069  0.080  0.075  -144  -144  3.986
130  130  0070  0.080  0.081    69    72  3.879
130  141  0071  0.080  0.084   129   116  3.757
130  153  0072  0.080  0.075   -28   -24  4.068
130  135  0073  0.080  0.075    -2     2  3.570
130  140  0074  0.080  0.084   -40   -42  3.686
130  170  0075  0.080  0.072   -18   -18  4.604
130  142  0076  0.080  0.072  -167  -166  3.852
130  218  0077  0.080  0.084   110   112  6.521
130  125  0078  0.080  0.090   133   114  3.158
130  161  0079  0.080  0.084   126   116  4.457
130  133  0080  0.080  0.075  -105  -104  3.760
130  129  0081  0.080  0.087   132   114  3.287
130  149  0082  0.080  0.075  -135  -136  4.106
130  179  0083  0.080  0.084   -54   -56  4.996
130  152  0084  0.080  0.087   -76   -70  4.153
130  157  0085  0.080  0.081   -45   -48  4.230
130  175  0086  0.080  0.081    24    22  5.136
130  146  0087  0.080  0.081    74    76  4.195
130  217  0088  0.080  0.084   109   112  6.513
130  161  0089  0.080  0.081   -46   -48  4.377
130  118  0090  0.080  0.075  -120  -122  3.302
130  139  0091  0.080  0.072  -164  -164  3.799
130  147  0092  0.080  0.084   -42   -44  3.908
130  107  0093  0.080  0.093    37   112  3.428
130  107  0094  0.080  0.093    39   112  3.582
130  149  0095  0.080  0.084    30    24  4.611
130  123  0096  0.080  0.078   -93   -94  3.352
130  148  0097  0.080  0.087    86    88  4.142
130  174  0098  0.080  0.084   124   116  4.914
130  149  0099  0.080  0.084    84    84  4.162
120  103  0000  0.080  0.093    58   112  3.407
120  130  0001  0.080  0.072  -163  -162  3.555
120  209  0002  0.080  0.084   109   112  6.257
120  122  0003  0.080  0.090   134   114  3.105
120  141  0004  0.080  0.075  -173  -174  3.728
120  147  0005  0.080  0.093    91    94  4.158
120  118  0006  0.080  0.075  -124  -128  3.315
120  106  0007  0.080  0.093    50   112  3.830
120  198  0008  0.080  0.084   106   110  6.005
120  128  0009  0.080  0.075  -128  -130  3.602
120  166  0010  0.080  0.087   -71   -66  4.641
120  146  0011  0.080  0.081   154   154  3.945
120  107  0012  0.080  0.090  -116   112  2.891
120  173  0013  0.080  0.081    21    20  4.991
120  125  0014  0.080  0.066    -4   -10  3.258
120  211  0015  0.080  0.084   114   114  6.253
120  168  0016  0.080  0.078     9    12  4.639
120  141  0017  0.080  0.084   160   162  3.809
120  141  0018  0.080  0.084    30    24  4.347
120  157  0019  0.080  0.072   -15   -16  4.255
120  124  0020  0.080  0.084    70    74  3.674
120  121  0021  0.080  0.081   -34   -32  3.170
120  107  0022  0.080  0.093    38   112  3.558
120  141  0023  0.080  0.084    78    80  4.017
120  124  0024  0.080  0.090   133   114  3.195
120  113  0025  0.080  0.081    67    72  3.398
120  178  0026  0.080  0.087   -58   -58  5.009
120  165  0027  0.080  0.081   -51   -54  4.581
120  139  0028  0.080  0.084   -42   -44  3.702
120  196  0029  0.080  0.084   119   116  5.737
120  107  0030  0.080  0.093    40   112  3.708
120  141  0031  0.080  0.087    84    84  3.931
120  105  0032  0.080  0.093   -87   112  2.646
120  135  0033  0.080  0.075  -146  -144  3.714
120  128  0034  0.080  0.078   141   144  3.382
120  107  0035  0.080  0.093    41   112  3.760
120  107  0036  0.080  0.093    39   112  3.662
120  142  0037  0.080  0.075  -175  -176  3.703
120  142  0038  0.080  0.075  -138  -138  3.904
120  138  0039  0.080  0.075  -171  -172  3.697
120  156  0040  0.080  0.087   -74   -68  4.301
120  116  0041  0.080  0.078   138   142  3.025
120  152  0042  0.080  0.081   -46   -48  4.133
120  146  0043  0.080  0.078  -180  -180  3.622
120  192  0044  0.080  0.084   120   116  5.594
120  147  0045  0.080  0.093    91    94  4.158
120  135  0046  0.080  0.075  -146  -144  3.714
120  169  0047  0.080  0.084   124   116  4.805
120  176  0048  0.080  0.078    12    12  4.929
120  141  0049  0.080  0.072   -29   -24  3.750
120  122  0050  0.080  0.078   -98   -98  3.386
120  114  0051  0.080  0.075  -122  -126  3.184
120  185  0052  0.080  0.084   103   110  5.541
120  118  0053  0.080  0.084    34    26  3.745
120  179  0054  0.080  0.087   -66   -64  5.059
120  124  0055  0.080  0.090   133   114  3.195
120  185  0056  0.080  0.084   103   110  5.541
120  148  0057  0.080  0.093    93    96  4.225
120  105  0058  0.080  0.093   -85   112  2.606
120  103  0059  0.080  0.093    58   112  3.407
120  141  0060  0.080  0.090    88    90  3.915
120  112  0061  0.080  0.072  -112  -110  3.165
120  149  0062  0.080  0.081   152   150  4.008
120  151  0063  0.080  0.093    95    98  4.391
120  120  0064  0.080  0.075  -125  -128  3.379
120  149  0065  0.080  0.081   165   166  3.998
120  120  0066  0.080  0.078   139   142  3.148
120  161  0067  0.080  0.069   -18   -18  4.390
120  144  0068  0.080  0.066    -9   -12  3.868
120  107  0069  0.080  0.093    39   112  3.662
120  210  0070  0.080  0.084   111   112  6.326
120  120  0071  0.080  0.090   135   114  3.028
120  149  0072  0.080  0.081   -45   -48  4.045
120  128  0073  0.080  0.078    -1     2  3.426
120  152  0074  0.080  0.081   173   174  3.987
120  131  0075  0.080  0.072  -164  -164  3.585
120  141  0076  0.080  0.084    30    24  4.347
120  127  0077  0.080  0.072  -161  -160  3.504
120  146  0078  0.080  0.081   148   148  3.950
120  112  0079  0.080  0.072  -112  -110  3.165
120  179  0080  0.080  0.087   -66   -64  5.059
120  145  0081  0.080  0.087   -76   -70  3.991
120  116  0082  0.080  0.090   136   114  2.904
120  118  0083  0.080  0.075  -124  -128  3.315
120  153  0084  0.080  0.084    27    22  4.620
120  101  0085  0.080  0.093    64   112  3.046
120  141  0086  0.080  0.084    78    80  4.017
120  141  0087  0.080  0.084   160   162  3.809
120  112  0088  0.080  0.084    35    26  3.585
120  163  0089  0.080  0.084   125   116  4.595
120  123  0090  0.080  0.075  -101  -102  3.430
120  182  0091  0.080  0.087   -63   -62  5.153
120  107  0092  0.080  0.093    43   112  3.842
120  118  0093  0.080  0.075  -108  -104  3.330
120  141  0094  0.080  0.090    88    90  3.915
120  112  0095  0.080  0.072  -112  -110  3.165
120  105  0096  0.080  0.093   -85   112  2.606
120  146  0097  0.080  0.084   163   164  3.927
120  156  0098  0.080  0.072   -25   -22  4.207
120  168  0099  0.080  0.078     9    12  4.639
110  139  0000  0.080  0.078   177   176  3.594
110  151  0001  0.080  0.087    98   108  4.479
110  131  0002  0.080  0.075  -135  -136  3.624
110  130  0003  0.080  0.081    76    78  3.735
110  123  0004  0.080  0.084    32    24  3.844
110  108  0005  0.080  0.090  -117   112  2.965
110  103  0006  0.080  0.093    65   112  3.077
110  124  0007  0.080  0.081   142   146  3.303
110  120  0008  0.080  0.072  -160  -160  3.300
110  107  0009  0.080  0.090  -115   112  2.971
110  140  0010  0.080  0.081   152   150  3.766
110  135  0011  0.080  0.084   161   162  3.653
110  132  0012  0.080  0.075  -174  -176  3.491
110  105  0013  0.080  0.093   -88   112  2.712
110  140  0014  0.080  0.081   152   150  3.766
110  133  0015  0.080  0.087   -77   -70  3.637
110  117  0016  0.080  0.081    70    76  3.436
110  127  0017  0.080  0.072  -168  -170  3.460
110  107  0018  0.080  0.093    41   112  3.807
110  183  0019  0.080  0.084   104   110  5.517
110  107  0020  0.080  0.090  -121   112  2.892
110  155  0021  0.080  0.090   -72   -66  4.333
110  138  0022  0.080  0.084    29    24  4.180
110  107  0023  0.080  0.093    47   112  3.949
110  105  0024  0.080  0.093   -92   112  2.768
110  143  0025  0.080  0.066   -11   -14  3.863
110  117  0026  0.080  0.078   140   144  3.096
110  120  0027  0.080  0.081   141   146  3.202
110  140  0028  0.080  0.093    91    94  3.956
110  155  0029  0.080  0.090   -72   -66  4.333
110  107  0030  0.080  0.087   -82   -72  2.894
110  107  0031  0.080  0.081    67    72  3.202
110  133  0032  0.080  0.084   160   162  3.576
110  104  0033  0.080  0.093    66   112  3.076
110  113  0034  0.080  0.090   138   114  2.852
110  162  0035  0.080  0.087   -70   -66  4.551
110  143  0036  0.080  0.081   168   168  3.838
110  155  0037  0.080  0.072   -20   -20  4.225
110  113  0038  0.080  0.084   -36   -38  3.003
110  127  0039  0.080  0.075  -146  -144  3.494
110  108  0040  0.080  0.093    38   112  3.637
110  107  0041  0.080  0.093    43   112  3.887
110  115  0042  0.080  0.075  -103  -102  3.232
110  132  0043  0.080  0.087    85    84  3.670
110  174  0044  0.080  0.084   122   116  5.041
110  152  0045  0.080  0.069   -16   -18  4.159
110  171  0046  0.080  0.087   -66   -64  4.837
110  203  0047  0.080  0.084   114   114  6.022
110  157  0048  0.080  0.081   -52   -54  4.412
110  135  0049  0.080  0.084   161   162  3.653
110  141  0050  0.080  0.081   172   174  3.740
110  124  0051  0.080  0.090   133   114  3.255
110  127  0052  0.080  0.084   -41   -44  3.385
110  141  0053  0.080  0.072   -27   -24  3.822
110  184  0054  0.080  0.084   120   116  5.346
110  131  0055  0.080  0.075  -141  -140  3.589
110  120  0056  0.080  0.084   -39   -42  3.195
110  127  0057  0.080  0.066    -6   -10  3.384
110  107  0058  0.080  0.093    45   112  3.932
110  203  0059  0.080  0.084   114   114  6.022
110  195  0060  0.080  0.084   117   114  5.766
110  178  0061  0.080  0.084   103   110  5.362
110  109  0062  0.080  0.090    35   112  3.456
110  124  0063  0.080  0.066    -5   -10  3.280
110  135  0064  0.080  0.084   146   148  3.656
110  143  0065  0.080  0.081   170   168  3.819
110  190  0066  0.080  0.084   106   112  5.685
110  135  0067  0.080  0.084   146   148  3.656
110  104  0068  0.080  0.093    66   112  3.076
110  105  0069  0.080  0.093    64   112  3.164
110  108  0070  0.080  0.090  -113   112  2.989
110  123  0071  0.080  0.087   -79   -70  3.347
110  117  0072  0.080  0.087   -80   -70  3.184
110  106  0073  0.080  0.093    46   112  3.928
110  120  0074  0.080  0.081   141   146  3.202
110  184  0075  0.080  0.084   120   116  5.346
110  159  0076  0.080  0.090   -71   -66  4.437
110  107  0077  0.080  0.093    43   112  3.887
110  147  0078  0.080  0.087    97   108  4.335
110  128  0079  0.080  0.075  -132  -134  3.574
110  103  0080  0.080  0.093    58   112  3.434
110  139  0081  0.080  0.072   -28   -24  3.740
110  173  0082  0.080  0.090   -64   -62  4.916
110  105  0083  0.080  0.093   -88   112  2.712
110  133  0084  0.080  0.087    86    88  3.716
110  118  0085  0.080  0.069  -154  -152  3.266
110  105  0086  0.080  0.093    49   112  3.887
110  132  0087  0.080  0.075  -138  -138  3.641
110  114  0088  0.080  0.075   -99  -100  3.156
110  154  0089  0.080  0.069   -18   -18  4.226
110  167  0090  0.080  0.081    19    18  4.776
110  166  0091  0.080  0.087   -56   -58  4.698
110  147  0092  0.080  0.087   -74   -68  4.091
110  172  0093  0.080  0.087   -59   -60  4.870
110  149  0094  0.080  0.072   -15   -16  4.060
110  127  0095  0.080  0.081    73    76  3.684
110  122  0096  0.080  0.090   134   114  3.157
110  132  0097  0.080  0.087    85    84  3.670
110  132  0098  0.080  0.075  -139  -138  3.640
110  117  0099  0.080  0.084    33    26  3.668
100  112  0000  0.080  0.066  -159  -158  3.092
100  133  0001  0.080  0.081   174   174  3.543
100  107  0002  0.080  0.093    69   112  3.081
100  110  0003  0.080  0.081    70    76  3.218
100  151  0004  0.080  0.087    99   110  4.436
100  134  0005  0.080  0.084    28    22  4.039
100  117  0006  0.080  0.081    72    76  3.385
100  106  0007  0.080  0.093    52   112  3.829
100  138  0008  0.080  0.093    94    98  4.057
100  151  0009  0.080  0.084   -53   -56  4.273
100  147  0010  0.080  0.072   -21   -20  4.010
100  103  0011  0.080  0.093    62   112  3.297
100  151  0012  0.080  0.078     9    12  4.166
100  111  0013  0.080  0.090   140   112  2.840
100  106  0014  0.080  0.093   -82   112  2.690
100  110  0015  0.080  0.075  -127  -130  3.108
100  107  0016  0.080  0.090  -102   112  2.985
100  112  0017  0.080  0.066  -158  -158  3.088
100  106  0018  0.080  0.093   -96   112  2.897
100  121  0019  0.080  0.075  -135  -136  3.363
100  107  0020  0.080  0.090  -123   112  2.961
100  145  0021  0.080  0.072   -23   -20  3.934
100  110  0022  0.080  0.081    70    76  3.218
100  108  0023  0.080  0.090  -113   112  3.060
100  122  0024  0.080  0.090   134   114  3.237
100  125  0025  0.080  0.084   157   156  3.377
100  128  0026  0.080  0.081   148   148  3.441
100  131  0027  0.080  0.081   152   150  3.522
100  126  0028  0.080  0.081   -43   -46  3.426
100  128  0029  0.080  0.081   148   148  3.441
100  151  0030  0.080  0.084   -53   -56  4.273
100  127  0031  0.080  0.084   147   148  3.436
100  146  0032  0.080  0.081     8    10  4.043
100  117  0033  0.080  0.075     0     4  3.134
100  154  0034  0.080  0.081    22    20  4.456
100  156  0035  0.080  0.087   -55   -58  4.399
100  119  0036  0.080  0.078     1     8  3.189
100  105  0037  0.080  0.093   -92   112  2.846
100  158  0038  0.080  0.090   -69   -64  4.435
100  103  0039  0.080  0.093    56   112  3.599
100  109  0040  0.080  0.090    36   112  3.578
100  112  0041  0.080  0.069  -154  -152  3.087
100  135  0042  0.080  0.081   -46   -48  3.695
100  144  0043  0.080  0.066   -15   -16  3.924
100  103  0044  0.080  0.093    56   112  3.599
100  133  0045  0.080  0.081   173   174  3.534
100  127  0046  0.080  0.078  -179  -180  3.275
100  162  0047  0.080  0.084   123   116  4.690
100  108  0048  0.080  0.090  -106   112  3.018
100  125  0049  0.080  0.075  -176  -176  3.287
100  184  0050  0.080  0.084   118   114  5.429
100  107  0051  0.080  0.090  -124   112  2.943
100  107  0052  0.080  0.087   -37   -38  2.850
100  176  0053  0.080  0.084   104   110  5.330
100  106  0054  0.080  0.093    51   112  3.873
100  162  0055  0.080  0.090   -67   -64  4.585
100  144  0056  0.080  0.084   -50   -52  4.028
100  140  0057  0.080  0.072   -25   -22  3.798
100  143  0058  0.080  0.084   -49   -52  3.975
100  106  0059  0.080  0.093   -82   112  2.690
100  193  0060  0.080  0.084   110   112  5.820
100  130  0061  0.080  0.081   150   150  3.499
100  161  0062  0.080  0.084   101   110  4.829
100  123  0063  0.080  0.075  -173  -174  3.308
100  162  0064  0.080  0.090   -67   -64  4.585
100  117  0065  0.080  0.075  -130  -134  3.257
100  106  0066  0.080  0.093    53   112  3.784
100  137  0067  0.080  0.084    27    22  4.096
100  131  0068  0.080  0.093    89    94  3.714
100  145  0069  0.080  0.066   -16   -16  3.971
100  166  0070  0.080  0.090   -64   -62  4.710
100  106  0071  0.080  0.093    52   112  3.829
100  108  0072  0.080  0.090  -115   112  3.054
100  136  0073  0.080  0.093    93    98  3.962
100  124  0074  0.080  0.087    83    84  3.509
100  123  0075  0.080  0.075  -138  -138  3.406
100  157  0076  0.080  0.084   124   116  4.509
100  194  0077  0.080  0.084   114   114  5.790
100  129  0078  0.080  0.087   131   114  3.513
100  105  0079  0.080  0.084   -35   -36  2.776
100  144  0080  0.080  0.081     7    10  3.955
100  180  0081  0.080  0.084   119   116  5.268
100  108  0082  0.080  0.090   -81   -68  2.919
100  186  0083  0.080  0.084   107   112  5.598
100  126  0084  0.080  0.081   -43   -46  3.426
100  108  0085  0.080  0.090  -120   112  3.017
100  107  0086  0.080  0.093    47   112  3.940
100  107  0087  0.080  0.087   -37   -38  2.850
100  117  0088  0.080  0.081   142   146  3.141
100  192  0089  0.080  0.084   109   112  5.774
100  123  0090  0.080  0.081   -42   -46  3.325
100  107  0091  0.080  0.090  -105   112  3.007
100  128  0092  0.080  0.081   149   150  3.471
100  117  0093  0.080  0.075  -130  -134  3.257
100  108  0094  0.080  0.090  -110   112  3.046
100  188  0095  0.080  0.084   117   114  5.549
100  108  0096  0.080  0.093    44   112  3.950
100  110  0097  0.080  0.084    33    24  3.444
100  106  0098  0.080  0.093   -98   112  2.924
100  125  0099  0.080  0.084   157   156  3.377
