250    0000    0.080    85
250    0001    0.080    -26
250    0002    0.080    110
250    0003    0.080    13
250    0004    0.080    92
250    0005    0.080    -76
250    0006    0.080    -122
250    0007    0.080    -36
250    0008    0.080    -29
250    0009    0.080    -143
250    0010    0.080    -27
250    0011    0.080    -46
250    0012    0.080    5
250    0013    0.080    66
250    0014    0.080    109
250    0015    0.080    -83
250    0016    0.080    -58
250    0017    0.080    161
250    0018    0.080    -87
250    0019    0.080    75
250    0020    0.080    97
250    0021    0.080    -99
250    0022    0.080    156
250    0023    0.080    -98
250    0024    0.080    -100
250    0025    0.080    87
250    0026    0.080    -70
250    0027    0.080    84
250    0028    0.080    169
250    0029    0.080    -59
250    0030    0.080    29
250    0031    0.080    95
250    0032    0.080    -83
250    0033    0.080    62
250    0034    0.080    -174
250    0035    0.080    160
250    0036    0.080    171
250    0037    0.080    11
250    0038    0.080    -35
250    0039    0.080    0
250    0040    0.080    171
250    0041    0.080    140
250    0042    0.080    5
250    0043    0.080    -128
250    0044    0.080    0
250    0045    0.080    42
250    0046    0.080    -139
250    0047    0.080    130
250    0048    0.080    -44
250    0049    0.080    -9
250    0050    0.080    85
250    0051    0.080    92
250    0052    0.080    -112
250    0053    0.080    -51
250    0054    0.080    -10
250    0055    0.080    54
250    0056    0.080    110
250    0057    0.080    124
250    0058    0.080    29
250    0059    0.080    -70
250    0060    0.080    91
250    0061    0.080    -145
250    0062    0.080    141
250    0063    0.080    -78
250    0064    0.080    -114
250    0065    0.080    147
250    0066    0.080    91
250    0067    0.080    -146
250    0068    0.080    -130
250    0069    0.080    125
250    0070    0.080    -2
250    0071    0.080    -163
250    0072    0.080    -29
250    0073    0.080    150
250    0074    0.080    -72
250    0075    0.080    -46
250    0076    0.080    158
250    0077    0.080    -176
250    0078    0.080    -162
250    0079    0.080    137
250    0080    0.080    -26
250    0081    0.080    -160
250    0082    0.080    24
250    0083    0.080    76
250    0084    0.080    -73
250    0085    0.080    -73
250    0086    0.080    172
250    0087    0.080    65
250    0088    0.080    -130
250    0089    0.080    -6
250    0090    0.080    90
250    0091    0.080    20
250    0092    0.080    11
250    0093    0.080    -84
250    0094    0.080    -31
250    0095    0.080    58
250    0096    0.080    91
250    0097    0.080    -48
250    0098    0.080    -28
250    0099    0.080    162
240    0000    0.080    -160
240    0001    0.080    -78
240    0002    0.080    -105
240    0003    0.080    -180
240    0004    0.080    -176
240    0005    0.080    179
240    0006    0.080    53
240    0007    0.080    -29
240    0008    0.080    -167
240    0009    0.080    -158
240    0010    0.080    -85
240    0011    0.080    -155
240    0012    0.080    46
240    0013    0.080    -7
240    0014    0.080    -66
240    0015    0.080    46
240    0016    0.080    111
240    0017    0.080    121
240    0018    0.080    -74
240    0019    0.080    -174
240    0020    0.080    -175
240    0021    0.080    -8
240    0022    0.080    -62
240    0023    0.080    -150
240    0024    0.080    177
240    0025    0.080    10
240    0026    0.080    -142
240    0027    0.080    -178
240    0028    0.080    -15
240    0029    0.080    31
240    0030    0.080    -169
240    0031    0.080    -4
240    0032    0.080    173
240    0033    0.080    84
240    0034    0.080    132
240    0035    0.080    -118
240    0036    0.080    -17
240    0037    0.080    33
240    0038    0.080    153
240    0039    0.080    -97
240    0040    0.080    169
240    0041    0.080    55
240    0042    0.080    -173
240    0043    0.080    -156
240    0044    0.080    117
240    0045    0.080    72
240    0046    0.080    18
240    0047    0.080    177
240    0048    0.080    -131
240    0049    0.080    -27
240    0050    0.080    96
240    0051    0.080    -113
240    0052    0.080    -139
240    0053    0.080    -177
240    0054    0.080    124
240    0055    0.080    70
240    0056    0.080    122
240    0057    0.080    -123
240    0058    0.080    87
240    0059    0.080    -27
240    0060    0.080    -160
240    0061    0.080    -27
240    0062    0.080    132
240    0063    0.080    -52
240    0064    0.080    -147
240    0065    0.080    -100
240    0066    0.080    -16
240    0067    0.080    -3
240    0068    0.080    40
240    0069    0.080    -135
240    0070    0.080    136
240    0071    0.080    17
240    0072    0.080    135
240    0073    0.080    52
240    0074    0.080    129
240    0075    0.080    -49
240    0076    0.080    -165
240    0077    0.080    -90
240    0078    0.080    13
240    0079    0.080    -60
240    0080    0.080    70
240    0081    0.080    -163
240    0082    0.080    12
240    0083    0.080    156
240    0084    0.080    -141
240    0085    0.080    103
240    0086    0.080    178
240    0087    0.080    118
240    0088    0.080    139
240    0089    0.080    13
240    0090    0.080    72
240    0091    0.080    -113
240    0092    0.080    -99
240    0093    0.080    -48
240    0094    0.080    16
240    0095    0.080    -175
240    0096    0.080    21
240    0097    0.080    67
240    0098    0.080    -22
240    0099    0.080    153
229    0000    0.080    119
229    0001    0.080    -78
229    0002    0.080    -74
229    0003    0.080    6
229    0004    0.080    -26
229    0005    0.080    -67
229    0006    0.080    -112
229    0007    0.080    93
229    0008    0.080    7
229    0009    0.080    76
229    0010    0.080    -85
229    0011    0.080    18
229    0012    0.080    -30
229    0013    0.080    -14
229    0014    0.080    -13
229    0015    0.080    114
229    0016    0.080    24
229    0017    0.080    -3
229    0018    0.080    172
229    0019    0.080    -152
229    0020    0.080    -20
229    0021    0.080    -134
229    0022    0.080    12
229    0023    0.080    -78
229    0024    0.080    72
229    0025    0.080    -133
229    0026    0.080    -86
229    0027    0.080    -145
229    0028    0.080    8
229    0029    0.080    130
229    0030    0.080    147
229    0031    0.080    -110
229    0032    0.080    163
229    0033    0.080    -79
229    0034    0.080    20
229    0035    0.080    119
229    0036    0.080    -110
229    0037    0.080    49
229    0038    0.080    -170
229    0039    0.080    -62
229    0040    0.080    -52
229    0041    0.080    -68
229    0042    0.080    -124
229    0043    0.080    161
229    0044    0.080    -118
229    0045    0.080    -12
229    0046    0.080    -1
229    0047    0.080    123
229    0048    0.080    -114
229    0049    0.080    76
229    0050    0.080    123
229    0051    0.080    -117
229    0052    0.080    13
229    0053    0.080    -154
229    0054    0.080    -32
229    0055    0.080    -172
229    0056    0.080    82
229    0057    0.080    -101
229    0058    0.080    -49
229    0059    0.080    138
229    0060    0.080    -144
229    0061    0.080    101
229    0062    0.080    167
229    0063    0.080    -89
229    0064    0.080    56
229    0065    0.080    120
229    0066    0.080    164
229    0067    0.080    -158
229    0068    0.080    19
229    0069    0.080    33
229    0070    0.080    -153
229    0071    0.080    -89
229    0072    0.080    -9
229    0073    0.080    -34
229    0074    0.080    10
229    0075    0.080    159
229    0076    0.080    -32
229    0077    0.080    -174
229    0078    0.080    5
229    0079    0.080    -153
229    0080    0.080    -98
229    0081    0.080    78
229    0082    0.080    87
229    0083    0.080    -97
229    0084    0.080    141
229    0085    0.080    25
229    0086    0.080    175
229    0087    0.080    -149
229    0088    0.080    39
229    0089    0.080    -159
229    0090    0.080    -162
229    0091    0.080    -113
229    0092    0.080    -52
229    0093    0.080    34
229    0094    0.080    -104
229    0095    0.080    164
229    0096    0.080    115
229    0097    0.080    -73
229    0098    0.080    -149
229    0099    0.080    133
219    0000    0.080    61
219    0001    0.080    145
219    0002    0.080    -55
219    0003    0.080    -154
219    0004    0.080    -47
219    0005    0.080    84
219    0006    0.080    127
219    0007    0.080    50
219    0008    0.080    126
219    0009    0.080    118
219    0010    0.080    -53
219    0011    0.080    -4
219    0012    0.080    26
219    0013    0.080    52
219    0014    0.080    45
219    0015    0.080    43
219    0016    0.080    179
219    0017    0.080    141
219    0018    0.080    25
219    0019    0.080    -70
219    0020    0.080    165
219    0021    0.080    99
219    0022    0.080    -74
219    0023    0.080    113
219    0024    0.080    95
219    0025    0.080    -61
219    0026    0.080    4
219    0027    0.080    66
219    0028    0.080    -6
219    0029    0.080    42
219    0030    0.080    -144
219    0031    0.080    -132
219    0032    0.080    98
219    0033    0.080    -148
219    0034    0.080    6
219    0035    0.080    129
219    0036    0.080    -127
219    0037    0.080    78
219    0038    0.080    150
219    0039    0.080    -38
219    0040    0.080    99
219    0041    0.080    47
219    0042    0.080    147
219    0043    0.080    69
219    0044    0.080    -20
219    0045    0.080    68
219    0046    0.080    21
219    0047    0.080    -10
219    0048    0.080    -149
219    0049    0.080    -137
219    0050    0.080    -77
219    0051    0.080    137
219    0052    0.080    -52
219    0053    0.080    29
219    0054    0.080    149
219    0055    0.080    -133
219    0056    0.080    -66
219    0057    0.080    -129
219    0058    0.080    13
219    0059    0.080    169
219    0060    0.080    27
219    0061    0.080    151
219    0062    0.080    -16
219    0063    0.080    141
219    0064    0.080    25
219    0065    0.080    -157
219    0066    0.080    -136
219    0067    0.080    -60
219    0068    0.080    -180
219    0069    0.080    -23
219    0070    0.080    59
219    0071    0.080    -95
219    0072    0.080    69
219    0073    0.080    166
219    0074    0.080    -70
219    0075    0.080    135
219    0076    0.080    -2
219    0077    0.080    -55
219    0078    0.080    101
219    0079    0.080    -164
219    0080    0.080    5
219    0081    0.080    -119
219    0082    0.080    91
219    0083    0.080    124
219    0084    0.080    -42
219    0085    0.080    30
219    0086    0.080    83
219    0087    0.080    -24
219    0088    0.080    -105
219    0089    0.080    -87
219    0090    0.080    97
219    0091    0.080    -161
219    0092    0.080    -144
219    0093    0.080    -68
219    0094    0.080    -121
219    0095    0.080    89
219    0096    0.080    -158
219    0097    0.080    -105
219    0098    0.080    -34
219    0099    0.080    -64
209    0000    0.080    -168
209    0001    0.080    -90
209    0002    0.080    103
209    0003    0.080    18
209    0004    0.080    92
209    0005    0.080    132
209    0006    0.080    14
209    0007    0.080    -59
209    0008    0.080    167
209    0009    0.080    -52
209    0010    0.080    -102
209    0011    0.080    -5
209    0012    0.080    34
209    0013    0.080    -71
209    0014    0.080    76
209    0015    0.080    -19
209    0016    0.080    138
209    0017    0.080    -23
209    0018    0.080    -51
209    0019    0.080    -79
209    0020    0.080    103
209    0021    0.080    173
209    0022    0.080    -157
209    0023    0.080    20
209    0024    0.080    107
209    0025    0.080    -60
209    0026    0.080    49
209    0027    0.080    -147
209    0028    0.080    -75
209    0029    0.080    -11
209    0030    0.080    11
209    0031    0.080    81
209    0032    0.080    77
209    0033    0.080    -137
209    0034    0.080    23
209    0035    0.080    83
209    0036    0.080    -119
209    0037    0.080    87
209    0038    0.080    52
209    0039    0.080    -147
209    0040    0.080    -145
209    0041    0.080    -29
209    0042    0.080    -168
209    0043    0.080    -158
209    0044    0.080    72
209    0045    0.080    41
209    0046    0.080    86
209    0047    0.080    145
209    0048    0.080    -156
209    0049    0.080    77
209    0050    0.080    -35
209    0051    0.080    75
209    0052    0.080    176
209    0053    0.080    -62
209    0054    0.080    -24
209    0055    0.080    101
209    0056    0.080    -29
209    0057    0.080    -93
209    0058    0.080    79
209    0059    0.080    84
209    0060    0.080    -70
209    0061    0.080    115
209    0062    0.080    -6
209    0063    0.080    33
209    0064    0.080    -132
209    0065    0.080    38
209    0066    0.080    159
209    0067    0.080    90
209    0068    0.080    -170
209    0069    0.080    70
209    0070    0.080    56
209    0071    0.080    -144
209    0072    0.080    -135
209    0073    0.080    140
209    0074    0.080    -2
209    0075    0.080    -113
209    0076    0.080    150
209    0077    0.080    -122
209    0078    0.080    -38
209    0079    0.080    -115
209    0080    0.080    135
209    0081    0.080    -107
209    0082    0.080    -51
209    0083    0.080    97
209    0084    0.080    49
209    0085    0.080    33
209    0086    0.080    13
209    0087    0.080    177
209    0088    0.080    118
209    0089    0.080    27
209    0090    0.080    138
209    0091    0.080    -77
209    0092    0.080    10
209    0093    0.080    -141
209    0094    0.080    -160
209    0095    0.080    108
209    0096    0.080    -23
209    0097    0.080    5
209    0098    0.080    103
209    0099    0.080    -35
199    0000    0.080    37
199    0001    0.080    -140
199    0002    0.080    63
199    0003    0.080    24
199    0004    0.080    65
199    0005    0.080    38
199    0006    0.080    -20
199    0007    0.080    -38
199    0008    0.080    42
199    0009    0.080    24
199    0010    0.080    118
199    0011    0.080    -29
199    0012    0.080    -72
199    0013    0.080    -136
199    0014    0.080    -59
199    0015    0.080    41
199    0016    0.080    -96
199    0017    0.080    -133
199    0018    0.080    -69
199    0019    0.080    40
199    0020    0.080    153
199    0021    0.080    -124
199    0022    0.080    111
199    0023    0.080    105
199    0024    0.080    -46
199    0025    0.080    153
199    0026    0.080    55
199    0027    0.080    -128
199    0028    0.080    -37
199    0029    0.080    -78
199    0030    0.080    65
199    0031    0.080    -98
199    0032    0.080    -109
199    0033    0.080    148
199    0034    0.080    137
199    0035    0.080    -39
199    0036    0.080    -107
199    0037    0.080    -155
199    0038    0.080    67
199    0039    0.080    162
199    0040    0.080    121
199    0041    0.080    -49
199    0042    0.080    -64
199    0043    0.080    33
199    0044    0.080    -132
199    0045    0.080    151
199    0046    0.080    12
199    0047    0.080    -168
199    0048    0.080    -172
199    0049    0.080    85
199    0050    0.080    15
199    0051    0.080    -108
199    0052    0.080    -67
199    0053    0.080    -132
199    0054    0.080    -163
199    0055    0.080    -149
199    0056    0.080    17
199    0057    0.080    179
199    0058    0.080    -136
199    0059    0.080    -96
199    0060    0.080    76
199    0061    0.080    -39
199    0062    0.080    -22
199    0063    0.080    -87
199    0064    0.080    -125
199    0065    0.080    135
199    0066    0.080    -128
199    0067    0.080    177
199    0068    0.080    26
199    0069    0.080    -134
199    0070    0.080    132
199    0071    0.080    50
199    0072    0.080    81
199    0073    0.080    -109
199    0074    0.080    168
199    0075    0.080    154
199    0076    0.080    -1
199    0077    0.080    173
199    0078    0.080    7
199    0079    0.080    -92
199    0080    0.080    6
199    0081    0.080    148
199    0082    0.080    -155
199    0083    0.080    5
199    0084    0.080    172
199    0085    0.080    130
199    0086    0.080    -124
199    0087    0.080    147
199    0088    0.080    -26
199    0089    0.080    126
199    0090    0.080    111
199    0091    0.080    142
199    0092    0.080    -139
199    0093    0.080    122
199    0094    0.080    92
199    0095    0.080    -159
199    0096    0.080    -20
199    0097    0.080    -161
199    0098    0.080    -109
199    0099    0.080    78
189    0000    0.080    22
189    0001    0.080    72
189    0002    0.080    136
189    0003    0.080    -92
189    0004    0.080    -5
189    0005    0.080    149
189    0006    0.080    -40
189    0007    0.080    -159
189    0008    0.080    88
189    0009    0.080    -1
189    0010    0.080    -143
189    0011    0.080    -134
189    0012    0.080    -99
189    0013    0.080    138
189    0014    0.080    148
189    0015    0.080    71
189    0016    0.080    61
189    0017    0.080    131
189    0018    0.080    57
189    0019    0.080    -27
189    0020    0.080    -123
189    0021    0.080    92
189    0022    0.080    -94
189    0023    0.080    117
189    0024    0.080    96
189    0025    0.080    -118
189    0026    0.080    -168
189    0027    0.080    -64
189    0028    0.080    -48
189    0029    0.080    97
189    0030    0.080    -126
189    0031    0.080    -80
189    0032    0.080    -42
189    0033    0.080    24
189    0034    0.080    3
189    0035    0.080    38
189    0036    0.080    -102
189    0037    0.080    -87
189    0038    0.080    150
189    0039    0.080    66
189    0040    0.080    111
189    0041    0.080    -8
189    0042    0.080    -177
189    0043    0.080    -1
189    0044    0.080    -22
189    0045    0.080    53
189    0046    0.080    149
189    0047    0.080    41
189    0048    0.080    -32
189    0049    0.080    -38
189    0050    0.080    108
189    0051    0.080    88
189    0052    0.080    -94
189    0053    0.080    171
189    0054    0.080    -18
189    0055    0.080    71
189    0056    0.080    33
189    0057    0.080    -147
189    0058    0.080    91
189    0059    0.080    63
189    0060    0.080    173
189    0061    0.080    92
189    0062    0.080    57
189    0063    0.080    17
189    0064    0.080    87
189    0065    0.080    6
189    0066    0.080    -52
189    0067    0.080    -94
189    0068    0.080    -110
189    0069    0.080    69
189    0070    0.080    -57
189    0071    0.080    -76
189    0072    0.080    -171
189    0073    0.080    -57
189    0074    0.080    -90
189    0075    0.080    -80
189    0076    0.080    -98
189    0077    0.080    21
189    0078    0.080    7
189    0079    0.080    -69
189    0080    0.080    67
189    0081    0.080    4
189    0082    0.080    -134
189    0083    0.080    166
189    0084    0.080    -136
189    0085    0.080    2
189    0086    0.080    -38
189    0087    0.080    163
189    0088    0.080    -1
189    0089    0.080    124
189    0090    0.080    -51
189    0091    0.080    -37
189    0092    0.080    4
189    0093    0.080    -67
189    0094    0.080    -45
189    0095    0.080    -26
189    0096    0.080    31
189    0097    0.080    40
189    0098    0.080    158
189    0099    0.080    106
179    0000    0.080    -40
179    0001    0.080    16
179    0002    0.080    -19
179    0003    0.080    11
179    0004    0.080    21
179    0005    0.080    -86
179    0006    0.080    -1
179    0007    0.080    -156
179    0008    0.080    146
179    0009    0.080    -91
179    0010    0.080    -47
179    0011    0.080    101
179    0012    0.080    -129
179    0013    0.080    -20
179    0014    0.080    -20
179    0015    0.080    164
179    0016    0.080    -22
179    0017    0.080    -120
179    0018    0.080    123
179    0019    0.080    29
179    0020    0.080    -13
179    0021    0.080    -177
179    0022    0.080    102
179    0023    0.080    92
179    0024    0.080    -148
179    0025    0.080    -101
179    0026    0.080    6
179    0027    0.080    57
179    0028    0.080    -81
179    0029    0.080    122
179    0030    0.080    80
179    0031    0.080    -82
179    0032    0.080    104
179    0033    0.080    -109
179    0034    0.080    -67
179    0035    0.080    176
179    0036    0.080    -76
179    0037    0.080    154
179    0038    0.080    3
179    0039    0.080    -111
179    0040    0.080    -174
179    0041    0.080    80
179    0042    0.080    -85
179    0043    0.080    -180
179    0044    0.080    -174
179    0045    0.080    -14
179    0046    0.080    42
179    0047    0.080    176
179    0048    0.080    43
179    0049    0.080    -5
179    0050    0.080    -10
179    0051    0.080    67
179    0052    0.080    75
179    0053    0.080    79
179    0054    0.080    77
179    0055    0.080    161
179    0056    0.080    -152
179    0057    0.080    21
179    0058    0.080    24
179    0059    0.080    -113
179    0060    0.080    71
179    0061    0.080    115
179    0062    0.080    -36
179    0063    0.080    -164
179    0064    0.080    -30
179    0065    0.080    -68
179    0066    0.080    4
179    0067    0.080    155
179    0068    0.080    94
179    0069    0.080    135
179    0070    0.080    -137
179    0071    0.080    160
179    0072    0.080    138
179    0073    0.080    107
179    0074    0.080    63
179    0075    0.080    -63
179    0076    0.080    89
179    0077    0.080    -164
179    0078    0.080    82
179    0079    0.080    87
179    0080    0.080    -75
179    0081    0.080    -13
179    0082    0.080    -128
179    0083    0.080    -90
179    0084    0.080    -134
179    0085    0.080    62
179    0086    0.080    7
179    0087    0.080    113
179    0088    0.080    8
179    0089    0.080    -60
179    0090    0.080    104
179    0091    0.080    96
179    0092    0.080    -170
179    0093    0.080    173
179    0094    0.080    175
179    0095    0.080    57
179    0096    0.080    76
179    0097    0.080    105
179    0098    0.080    -87
179    0099    0.080    168
169    0000    0.080    174
169    0001    0.080    94
169    0002    0.080    -10
169    0003    0.080    130
169    0004    0.080    -161
169    0005    0.080    94
169    0006    0.080    -45
169    0007    0.080    -2
169    0008    0.080    114
169    0009    0.080    -107
169    0010    0.080    110
169    0011    0.080    84
169    0012    0.080    -44
169    0013    0.080    86
169    0014    0.080    103
169    0015    0.080    -131
169    0016    0.080    -117
169    0017    0.080    -29
169    0018    0.080    114
169    0019    0.080    -75
169    0020    0.080    108
169    0021    0.080    -116
169    0022    0.080    169
169    0023    0.080    -120
169    0024    0.080    -76
169    0025    0.080    142
169    0026    0.080    -146
169    0027    0.080    2
169    0028    0.080    -89
169    0029    0.080    30
169    0030    0.080    -171
169    0031    0.080    26
169    0032    0.080    -157
169    0033    0.080    -98
169    0034    0.080    128
169    0035    0.080    -105
169    0036    0.080    144
169    0037    0.080    111
169    0038    0.080    -149
169    0039    0.080    87
169    0040    0.080    -9
169    0041    0.080    99
169    0042    0.080    -39
169    0043    0.080    61
169    0044    0.080    -149
169    0045    0.080    84
169    0046    0.080    -159
169    0047    0.080    -105
169    0048    0.080    143
169    0049    0.080    145
169    0050    0.080    -108
169    0051    0.080    8
169    0052    0.080    108
169    0053    0.080    93
169    0054    0.080    -5
169    0055    0.080    146
169    0056    0.080    -162
169    0057    0.080    -135
169    0058    0.080    -145
169    0059    0.080    107
169    0060    0.080    -148
169    0061    0.080    148
169    0062    0.080    -30
169    0063    0.080    -36
169    0064    0.080    -67
169    0065    0.080    -130
169    0066    0.080    -79
169    0067    0.080    158
169    0068    0.080    -155
169    0069    0.080    -135
169    0070    0.080    -28
169    0071    0.080    -71
169    0072    0.080    -139
169    0073    0.080    -24
169    0074    0.080    -126
169    0075    0.080    -160
169    0076    0.080    -60
169    0077    0.080    7
169    0078    0.080    -38
169    0079    0.080    -107
169    0080    0.080    -151
169    0081    0.080    -178
169    0082    0.080    81
169    0083    0.080    113
169    0084    0.080    85
169    0085    0.080    108
169    0086    0.080    0
169    0087    0.080    -133
169    0088    0.080    24
169    0089    0.080    -52
169    0090    0.080    22
169    0091    0.080    91
169    0092    0.080    118
169    0093    0.080    96
169    0094    0.080    95
169    0095    0.080    -4
169    0096    0.080    100
169    0097    0.080    -158
169    0098    0.080    -43
169    0099    0.080    -159
159    0000    0.080    -63
159    0001    0.080    168
159    0002    0.080    122
159    0003    0.080    2
159    0004    0.080    109
159    0005    0.080    -53
159    0006    0.080    34
159    0007    0.080    -107
159    0008    0.080    135
159    0009    0.080    147
159    0010    0.080    -173
159    0011    0.080    -169
159    0012    0.080    59
159    0013    0.080    52
159    0014    0.080    142
159    0015    0.080    -88
159    0016    0.080    23
159    0017    0.080    41
159    0018    0.080    175
159    0019    0.080    -162
159    0020    0.080    -172
159    0021    0.080    -60
159    0022    0.080    96
159    0023    0.080    71
159    0024    0.080    46
159    0025    0.080    -143
159    0026    0.080    108
159    0027    0.080    84
159    0028    0.080    154
159    0029    0.080    -7
159    0030    0.080    177
159    0031    0.080    19
159    0032    0.080    -74
159    0033    0.080    75
159    0034    0.080    69
159    0035    0.080    86
159    0036    0.080    -148
159    0037    0.080    143
159    0038    0.080    -92
159    0039    0.080    96
159    0040    0.080    86
159    0041    0.080    172
159    0042    0.080    -82
159    0043    0.080    -170
159    0044    0.080    122
159    0045    0.080    -133
159    0046    0.080    106
159    0047    0.080    -75
159    0048    0.080    -4
159    0049    0.080    -125
159    0050    0.080    151
159    0051    0.080    -46
159    0052    0.080    122
159    0053    0.080    -112
159    0054    0.080    127
159    0055    0.080    -50
159    0056    0.080    102
159    0057    0.080    -82
159    0058    0.080    140
159    0059    0.080    5
159    0060    0.080    -134
159    0061    0.080    56
159    0062    0.080    110
159    0063    0.080    -141
159    0064    0.080    19
159    0065    0.080    43
159    0066    0.080    163
159    0067    0.080    90
159    0068    0.080    -96
159    0069    0.080    -7
159    0070    0.080    -11
159    0071    0.080    -104
159    0072    0.080    -161
159    0073    0.080    -133
159    0074    0.080    144
159    0075    0.080    -45
159    0076    0.080    -65
159    0077    0.080    -177
159    0078    0.080    -63
159    0079    0.080    95
159    0080    0.080    -60
159    0081    0.080    -70
159    0082    0.080    92
159    0083    0.080    -99
159    0084    0.080    -130
159    0085    0.080    8
159    0086    0.080    -141
159    0087    0.080    -107
159    0088    0.080    -100
159    0089    0.080    160
159    0090    0.080    131
159    0091    0.080    95
159    0092    0.080    -42
159    0093    0.080    -47
159    0094    0.080    -66
159    0095    0.080    -36
159    0096    0.080    -39
159    0097    0.080    85
159    0098    0.080    52
159    0099    0.080    155
149    0000    0.080    -49
149    0001    0.080    159
149    0002    0.080    38
149    0003    0.080    25
149    0004    0.080    71
149    0005    0.080    -33
149    0006    0.080    -68
149    0007    0.080    -77
149    0008    0.080    71
149    0009    0.080    -35
149    0010    0.080    80
149    0011    0.080    60
149    0012    0.080    -95
149    0013    0.080    169
149    0014    0.080    -60
149    0015    0.080    154
149    0016    0.080    105
149    0017    0.080    -14
149    0018    0.080    35
149    0019    0.080    172
149    0020    0.080    -62
149    0021    0.080    114
149    0022    0.080    -29
149    0023    0.080    -98
149    0024    0.080    -42
149    0025    0.080    -50
149    0026    0.080    37
149    0027    0.080    49
149    0028    0.080    127
149    0029    0.080    26
149    0030    0.080    49
149    0031    0.080    146
149    0032    0.080    87
149    0033    0.080    159
149    0034    0.080    47
149    0035    0.080    67
149    0036    0.080    97
149    0037    0.080    33
149    0038    0.080    96
149    0039    0.080    16
149    0040    0.080    34
149    0041    0.080    171
149    0042    0.080    61
149    0043    0.080    -139
149    0044    0.080    -65
149    0045    0.080    -179
149    0046    0.080    -58
149    0047    0.080    129
149    0048    0.080    -107
149    0049    0.080    160
149    0050    0.080    41
149    0051    0.080    -157
149    0052    0.080    -51
149    0053    0.080    142
149    0054    0.080    -45
149    0055    0.080    -21
149    0056    0.080    -137
149    0057    0.080    -58
149    0058    0.080    -65
149    0059    0.080    -150
149    0060    0.080    -74
149    0061    0.080    -30
149    0062    0.080    -32
149    0063    0.080    -111
149    0064    0.080    107
149    0065    0.080    70
149    0066    0.080    -144
149    0067    0.080    -141
149    0068    0.080    -155
149    0069    0.080    66
149    0070    0.080    -60
149    0071    0.080    160
149    0072    0.080    1
149    0073    0.080    91
149    0074    0.080    16
149    0075    0.080    140
149    0076    0.080    -141
149    0077    0.080    174
149    0078    0.080    21
149    0079    0.080    -122
149    0080    0.080    -92
149    0081    0.080    108
149    0082    0.080    58
149    0083    0.080    71
149    0084    0.080    -109
149    0085    0.080    -36
149    0086    0.080    86
149    0087    0.080    -14
149    0088    0.080    -179
149    0089    0.080    -107
149    0090    0.080    -149
149    0091    0.080    -127
149    0092    0.080    82
149    0093    0.080    16
149    0094    0.080    28
149    0095    0.080    -79
149    0096    0.080    60
149    0097    0.080    49
149    0098    0.080    -146
149    0099    0.080    -69
139    0000    0.080    -152
139    0001    0.080    112
139    0002    0.080    58
139    0003    0.080    53
139    0004    0.080    43
139    0005    0.080    -171
139    0006    0.080    -47
139    0007    0.080    -80
139    0008    0.080    10
139    0009    0.080    79
139    0010    0.080    138
139    0011    0.080    -163
139    0012    0.080    60
139    0013    0.080    27
139    0014    0.080    130
139    0015    0.080    147
139    0016    0.080    50
139    0017    0.080    -158
139    0018    0.080    43
139    0019    0.080    99
139    0020    0.080    111
139    0021    0.080    -62
139    0022    0.080    110
139    0023    0.080    179
139    0024    0.080    -162
139    0025    0.080    8
139    0026    0.080    162
139    0027    0.080    5
139    0028    0.080    -19
139    0029    0.080    151
139    0030    0.080    -95
139    0031    0.080    -16
139    0032    0.080    153
139    0033    0.080    35
139    0034    0.080    146
139    0035    0.080    5
139    0036    0.080    -83
139    0037    0.080    -17
139    0038    0.080    128
139    0039    0.080    -108
139    0040    0.080    -166
139    0041    0.080    57
139    0042    0.080    -155
139    0043    0.080    -6
139    0044    0.080    -86
139    0045    0.080    58
139    0046    0.080    -68
139    0047    0.080    80
139    0048    0.080    53
139    0049    0.080    60
139    0050    0.080    112
139    0051    0.080    64
139    0052    0.080    42
139    0053    0.080    105
139    0054    0.080    -166
139    0055    0.080    -152
139    0056    0.080    -72
139    0057    0.080    -32
139    0058    0.080    168
139    0059    0.080    150
139    0060    0.080    132
139    0061    0.080    -57
139    0062    0.080    143
139    0063    0.080    -19
139    0064    0.080    102
139    0065    0.080    -143
139    0066    0.080    -17
139    0067    0.080    82
139    0068    0.080    -169
139    0069    0.080    -101
139    0070    0.080    23
139    0071    0.080    -30
139    0072    0.080    162
139    0073    0.080    -12
139    0074    0.080    63
139    0075    0.080    -3
139    0076    0.080    76
139    0077    0.080    68
139    0078    0.080    119
139    0079    0.080    -41
139    0080    0.080    -48
139    0081    0.080    -13
139    0082    0.080    179
139    0083    0.080    -178
139    0084    0.080    -44
139    0085    0.080    -128
139    0086    0.080    -30
139    0087    0.080    -126
139    0088    0.080    -169
139    0089    0.080    158
139    0090    0.080    145
139    0091    0.080    -79
139    0092    0.080    -103
139    0093    0.080    62
139    0094    0.080    172
139    0095    0.080    -30
139    0096    0.080    43
139    0097    0.080    -27
139    0098    0.080    178
139    0099    0.080    -43
129    0000    0.080    145
129    0001    0.080    -61
129    0002    0.080    47
129    0003    0.080    93
129    0004    0.080    -4
129    0005    0.080    -77
129    0006    0.080    118
129    0007    0.080    -109
129    0008    0.080    -11
129    0009    0.080    -104
129    0010    0.080    -177
129    0011    0.080    -25
129    0012    0.080    173
129    0013    0.080    145
129    0014    0.080    -169
129    0015    0.080    148
129    0016    0.080    17
129    0017    0.080    168
129    0018    0.080    0
129    0019    0.080    -177
129    0020    0.080    26
129    0021    0.080    5
129    0022    0.080    144
129    0023    0.080    -157
129    0024    0.080    -108
129    0025    0.080    102
129    0026    0.080    103
129    0027    0.080    174
129    0028    0.080    105
129    0029    0.080    80
129    0030    0.080    -13
129    0031    0.080    30
129    0032    0.080    168
129    0033    0.080    38
129    0034    0.080    27
129    0035    0.080    55
129    0036    0.080    -29
129    0037    0.080    -80
129    0038    0.080    -69
129    0039    0.080    -167
129    0040    0.080    -24
129    0041    0.080    142
129    0042    0.080    -49
129    0043    0.080    -61
129    0044    0.080    -30
129    0045    0.080    70
129    0046    0.080    -64
129    0047    0.080    -10
129    0048    0.080    -72
129    0049    0.080    -95
129    0050    0.080    -125
129    0051    0.080    -123
129    0052    0.080    57
129    0053    0.080    42
129    0054    0.080    54
129    0055    0.080    75
129    0056    0.080    -88
129    0057    0.080    164
129    0058    0.080    161
129    0059    0.080    54
129    0060    0.080    -60
129    0061    0.080    130
129    0062    0.080    -107
129    0063    0.080    71
129    0064    0.080    -68
129    0065    0.080    -24
129    0066    0.080    -39
129    0067    0.080    162
129    0068    0.080    132
129    0069    0.080    -144
129    0070    0.080    69
129    0071    0.080    129
129    0072    0.080    -28
129    0073    0.080    -2
129    0074    0.080    -40
129    0075    0.080    -18
129    0076    0.080    -167
129    0077    0.080    110
129    0078    0.080    133
129    0079    0.080    126
129    0080    0.080    -105
129    0081    0.080    132
129    0082    0.080    -135
129    0083    0.080    -54
129    0084    0.080    -76
129    0085    0.080    -45
129    0086    0.080    24
129    0087    0.080    74
129    0088    0.080    109
129    0089    0.080    -46
129    0090    0.080    -120
129    0091    0.080    -164
129    0092    0.080    -42
129    0093    0.080    37
129    0094    0.080    39
129    0095    0.080    30
129    0096    0.080    -93
129    0097    0.080    86
129    0098    0.080    124
129    0099    0.080    84
119    0000    0.080    58
119    0001    0.080    -163
119    0002    0.080    109
119    0003    0.080    134
119    0004    0.080    -173
119    0005    0.080    91
119    0006    0.080    -124
119    0007    0.080    50
119    0008    0.080    106
119    0009    0.080    -128
119    0010    0.080    -71
119    0011    0.080    154
119    0012    0.080    -116
119    0013    0.080    21
119    0014    0.080    -4
119    0015    0.080    114
119    0016    0.080    9
119    0017    0.080    160
119    0018    0.080    30
119    0019    0.080    -15
119    0020    0.080    70
119    0021    0.080    -34
119    0022    0.080    38
119    0023    0.080    78
119    0024    0.080    133
119    0025    0.080    67
119    0026    0.080    -58
119    0027    0.080    -51
119    0028    0.080    -42
119    0029    0.080    119
119    0030    0.080    40
119    0031    0.080    84
119    0032    0.080    -87
119    0033    0.080    -146
119    0034    0.080    141
119    0035    0.080    41
119    0036    0.080    39
119    0037    0.080    -175
119    0038    0.080    -138
119    0039    0.080    -171
119    0040    0.080    -74
119    0041    0.080    138
119    0042    0.080    -46
119    0043    0.080    -180
119    0044    0.080    120
119    0045    0.080    91
119    0046    0.080    -146
119    0047    0.080    124
119    0048    0.080    12
119    0049    0.080    -29
119    0050    0.080    -98
119    0051    0.080    -122
119    0052    0.080    103
119    0053    0.080    34
119    0054    0.080    -66
119    0055    0.080    133
119    0056    0.080    103
119    0057    0.080    93
119    0058    0.080    -85
119    0059    0.080    58
119    0060    0.080    88
119    0061    0.080    -112
119    0062    0.080    152
119    0063    0.080    95
119    0064    0.080    -125
119    0065    0.080    165
119    0066    0.080    139
119    0067    0.080    -18
119    0068    0.080    -9
119    0069    0.080    39
119    0070    0.080    111
119    0071    0.080    135
119    0072    0.080    -45
119    0073    0.080    -1
119    0074    0.080    173
119    0075    0.080    -164
119    0076    0.080    30
119    0077    0.080    -161
119    0078    0.080    148
119    0079    0.080    -112
119    0080    0.080    -66
119    0081    0.080    -76
119    0082    0.080    136
119    0083    0.080    -124
119    0084    0.080    27
119    0085    0.080    64
119    0086    0.080    78
119    0087    0.080    160
119    0088    0.080    35
119    0089    0.080    125
119    0090    0.080    -101
119    0091    0.080    -63
119    0092    0.080    43
119    0093    0.080    -108
119    0094    0.080    88
119    0095    0.080    -112
119    0096    0.080    -85
119    0097    0.080    163
119    0098    0.080    -25
119    0099    0.080    9
109    0000    0.080    177
109    0001    0.080    98
109    0002    0.080    -135
109    0003    0.080    76
109    0004    0.080    32
109    0005    0.080    -117
109    0006    0.080    65
109    0007    0.080    142
109    0008    0.080    -160
109    0009    0.080    -115
109    0010    0.080    152
109    0011    0.080    161
109    0012    0.080    -174
109    0013    0.080    -88
109    0014    0.080    152
109    0015    0.080    -77
109    0016    0.080    70
109    0017    0.080    -168
109    0018    0.080    41
109    0019    0.080    104
109    0020    0.080    -121
109    0021    0.080    -72
109    0022    0.080    29
109    0023    0.080    47
109    0024    0.080    -92
109    0025    0.080    -11
109    0026    0.080    140
109    0027    0.080    141
109    0028    0.080    91
109    0029    0.080    -72
109    0030    0.080    -82
109    0031    0.080    67
109    0032    0.080    160
109    0033    0.080    66
109    0034    0.080    138
109    0035    0.080    -70
109    0036    0.080    168
109    0037    0.080    -20
109    0038    0.080    -36
109    0039    0.080    -146
109    0040    0.080    38
109    0041    0.080    43
109    0042    0.080    -103
109    0043    0.080    85
109    0044    0.080    122
109    0045    0.080    -16
109    0046    0.080    -66
109    0047    0.080    114
109    0048    0.080    -52
109    0049    0.080    161
109    0050    0.080    172
109    0051    0.080    133
109    0052    0.080    -41
109    0053    0.080    -27
109    0054    0.080    120
109    0055    0.080    -141
109    0056    0.080    -39
109    0057    0.080    -6
109    0058    0.080    45
109    0059    0.080    114
109    0060    0.080    117
109    0061    0.080    103
109    0062    0.080    35
109    0063    0.080    -5
109    0064    0.080    146
109    0065    0.080    170
109    0066    0.080    106
109    0067    0.080    146
109    0068    0.080    66
109    0069    0.080    64
109    0070    0.080    -113
109    0071    0.080    -79
109    0072    0.080    -80
109    0073    0.080    46
109    0074    0.080    141
109    0075    0.080    120
109    0076    0.080    -71
109    0077    0.080    43
109    0078    0.080    97
109    0079    0.080    -132
109    0080    0.080    58
109    0081    0.080    -28
109    0082    0.080    -64
109    0083    0.080    -88
109    0084    0.080    86
109    0085    0.080    -154
109    0086    0.080    49
109    0087    0.080    -138
109    0088    0.080    -99
109    0089    0.080    -18
109    0090    0.080    19
109    0091    0.080    -56
109    0092    0.080    -74
109    0093    0.080    -59
109    0094    0.080    -15
109    0095    0.080    73
109    0096    0.080    134
109    0097    0.080    85
109    0098    0.080    -139
109    0099    0.080    33
99    0000    0.080    -159
99    0001    0.080    174
99    0002    0.080    69
99    0003    0.080    70
99    0004    0.080    99
99    0005    0.080    28
99    0006    0.080    72
99    0007    0.080    52
99    0008    0.080    94
99    0009    0.080    -53
99    0010    0.080    -21
99    0011    0.080    62
99    0012    0.080    9
99    0013    0.080    140
99    0014    0.080    -82
99    0015    0.080    -127
99    0016    0.080    -102
99    0017    0.080    -158
99    0018    0.080    -96
99    0019    0.080    -135
99    0020    0.080    -123
99    0021    0.080    -23
99    0022    0.080    70
99    0023    0.080    -113
99    0024    0.080    134
99    0025    0.080    157
99    0026    0.080    148
99    0027    0.080    152
99    0028    0.080    -43
99    0029    0.080    148
99    0030    0.080    -53
99    0031    0.080    147
99    0032    0.080    8
99    0033    0.080    0
99    0034    0.080    22
99    0035    0.080    -55
99    0036    0.080    1
99    0037    0.080    -92
99    0038    0.080    -69
99    0039    0.080    56
99    0040    0.080    36
99    0041    0.080    -154
99    0042    0.080    -46
99    0043    0.080    -15
99    0044    0.080    56
99    0045    0.080    173
99    0046    0.080    -179
99    0047    0.080    123
99    0048    0.080    -106
99    0049    0.080    -176
99    0050    0.080    118
99    0051    0.080    -124
99    0052    0.080    -37
99    0053    0.080    104
99    0054    0.080    51
99    0055    0.080    -67
99    0056    0.080    -50
99    0057    0.080    -25
99    0058    0.080    -49
99    0059    0.080    -82
99    0060    0.080    110
99    0061    0.080    150
99    0062    0.080    101
99    0063    0.080    -173
99    0064    0.080    -67
99    0065    0.080    -130
99    0066    0.080    53
99    0067    0.080    27
99    0068    0.080    89
99    0069    0.080    -16
99    0070    0.080    -64
99    0071    0.080    52
99    0072    0.080    -115
99    0073    0.080    93
99    0074    0.080    83
99    0075    0.080    -138
99    0076    0.080    124
99    0077    0.080    114
99    0078    0.080    131
99    0079    0.080    -35
99    0080    0.080    7
99    0081    0.080    119
99    0082    0.080    -81
99    0083    0.080    107
99    0084    0.080    -43
99    0085    0.080    -120
99    0086    0.080    47
99    0087    0.080    -37
99    0088    0.080    142
99    0089    0.080    109
99    0090    0.080    -42
99    0091    0.080    -105
99    0092    0.080    149
99    0093    0.080    -130
99    0094    0.080    -110
99    0095    0.080    117
99    0096    0.080    44
99    0097    0.080    33
99    0098    0.080    -98
99    0099    0.080    157
