10.0000 0.0000 0.0000 0.0000 0.0000
20.0000 0.0000 0.0000 0.0000 0.0000
30.0000 0.0120 0.0049 0.0160 0.0057
40.0000 0.0300 0.0077 0.0360 0.0085
50.0000 0.0960 0.0139 0.1140 0.0151
60.0000 0.1900 0.0195 0.2200 0.0210
70.0000 0.3300 0.0257 0.3800 0.0276
80.0000 0.4520 0.0301 0.5040 0.0317
90.0000 0.6240 0.0353 0.6760 0.0368
100.0000 0.7640 0.0391 0.7820 0.0395
110.0000 0.7800 0.0395 0.8120 0.0403
120.0000 0.8560 0.0414 0.8700 0.0417
130.0000 0.8920 0.0422 0.8960 0.0423
140.0000 0.9200 0.0429 0.9220 0.0429
150.0000 0.9500 0.0436 0.9500 0.0436
160.0000 0.9580 0.0438 0.9580 0.0438
170.0000 0.9880 0.0445 0.9880 0.0445
180.0000 0.9800 0.0443 0.9800 0.0443
190.0000 0.9940 0.0446 0.9940 0.0446
200.0000 0.9940 0.0446 0.9940 0.0446
210.0000 0.9980 0.0447 0.9980 0.0447
220.0000 0.9980 0.0447 0.9980 0.0447
230.0000 0.9980 0.0447 0.9980 0.0447
240.0000 0.9980 0.0447 0.9980 0.0447
250.0000 0.9980 0.0447 0.9980 0.0447
