10.0000 0.0140 0.0053 0.0140 0.0053
20.0000 0.0120 0.0049 0.0160 0.0057
30.0000 0.0720 0.0120 0.0840 0.0130
40.0000 0.1240 0.0157 0.1580 0.0178
50.0000 0.2000 0.0200 0.2420 0.0220
60.0000 0.2520 0.0224 0.2900 0.0241
70.0000 0.4360 0.0295 0.4640 0.0305
80.0000 0.5620 0.0335 0.5900 0.0344
90.0000 0.7320 0.0383 0.7560 0.0389
100.0000 0.8760 0.0419 0.8940 0.0423
110.0000 0.9340 0.0432 0.9400 0.0434
120.0000 0.9660 0.0440 0.9700 0.0440
130.0000 0.9780 0.0442 0.9780 0.0442
140.0000 0.9820 0.0443 0.9820 0.0443
150.0000 0.9960 0.0446 0.9960 0.0446
160.0000 0.9960 0.0446 0.9960 0.0446
170.0000 0.9960 0.0446 0.9960 0.0446
180.0000 0.9980 0.0447 0.9980 0.0447
190.0000 1.0000 0.0447 1.0000 0.0447
200.0000 1.0000 0.0447 1.0000 0.0447
210.0000 1.0000 0.0447 1.0000 0.0447
220.0000 1.0000 0.0447 1.0000 0.0447
230.0000 1.0000 0.0447 1.0000 0.0447
240.0000 1.0000 0.0447 1.0000 0.0447
250.0000 1.0000 0.0447 1.0000 0.0447
