10.0000 0.0260 0.0072 0.0260 0.0072
20.0000 0.0600 0.0110 0.0640 0.0113
30.0000 0.1140 0.0151 0.1160 0.0152
40.0000 0.2500 0.0224 0.2580 0.0227
50.0000 0.4080 0.0286 0.4180 0.0289
60.0000 0.5660 0.0336 0.5740 0.0339
70.0000 0.6640 0.0364 0.6760 0.0368
80.0000 0.7340 0.0383 0.7480 0.0387
90.0000 0.7940 0.0398 0.8000 0.0400
100.0000 0.8660 0.0416 0.8700 0.0417
110.0000 0.9060 0.0426 0.9060 0.0426
120.0000 0.9280 0.0431 0.9280 0.0431
130.0000 0.9520 0.0436 0.9520 0.0436
140.0000 0.9560 0.0437 0.9560 0.0437
150.0000 0.9860 0.0444 0.9860 0.0444
160.0000 0.9840 0.0444 0.9840 0.0444
170.0000 0.9980 0.0447 0.9980 0.0447
180.0000 0.9940 0.0446 0.9940 0.0446
190.0000 0.9980 0.0447 0.9980 0.0447
200.0000 1.0000 0.0447 1.0000 0.0447
210.0000 1.0000 0.0447 1.0000 0.0447
220.0000 1.0000 0.0447 1.0000 0.0447
230.0000 0.9980 0.0447 0.9980 0.0447
240.0000 1.0000 0.0447 1.0000 0.0447
250.0000 1.0000 0.0447 1.0000 0.0447
