10.0000 0.0060 0.0035 0.0140 0.0053
20.0000 0.0320 0.0080 0.0460 0.0096
30.0000 0.0480 0.0098 0.0640 0.0113
40.0000 0.1040 0.0144 0.1560 0.0177
50.0000 0.1360 0.0165 0.1940 0.0197
60.0000 0.2520 0.0224 0.3100 0.0249
70.0000 0.4780 0.0309 0.5540 0.0333
80.0000 0.6680 0.0366 0.7180 0.0379
90.0000 0.7400 0.0385 0.7980 0.0399
100.0000 0.8380 0.0409 0.8660 0.0416
110.0000 0.8920 0.0422 0.9220 0.0429
120.0000 0.9300 0.0431 0.9420 0.0434
130.0000 0.9520 0.0436 0.9620 0.0439
140.0000 0.9740 0.0441 0.9760 0.0442
150.0000 0.9800 0.0443 0.9800 0.0443
160.0000 0.9800 0.0443 0.9800 0.0443
170.0000 0.9920 0.0445 0.9920 0.0445
180.0000 0.9940 0.0446 0.9940 0.0446
190.0000 0.9980 0.0447 0.9980 0.0447
200.0000 0.9980 0.0447 0.9980 0.0447
210.0000 1.0000 0.0447 1.0000 0.0447
220.0000 1.0000 0.0447 1.0000 0.0447
230.0000 1.0000 0.0447 1.0000 0.0447
240.0000 1.0000 0.0447 1.0000 0.0447
250.0000 1.0000 0.0447 1.0000 0.0447
