20.0000 0.0500 0.0100 0.0014 0.0600 0.0110 0.0014
40.0000 0.2060 0.0203 0.0002 0.2160 0.0208 0.0002
60.0000 0.5740 0.0339 0.0000 0.5940 0.0345 0.0000
80.0000 0.8220 0.0405 0.0000 0.8300 0.0407 0.0000
100.0000 0.9440 0.0435 0.0000 0.9440 0.0435 0.0000
120.0000 0.9700 0.0440 0.0000 0.9700 0.0440 0.0000
140.0000 0.9880 0.0445 0.0000 0.9880 0.0445 0.0000
160.0000 0.9980 0.0447 0.0000 0.9980 0.0447 0.0000
180.0000 1.0000 0.0447 0.0000 1.0000 0.0447 0.0000
200.0000 1.0000 0.0447 0.0000 1.0000 0.0447 0.0000
