10.0000 0.0120 0.0049 0.0008 0.0120 0.0049 0.0008
20.0000 0.0100 0.0045 0.0004 0.0100 0.0045 0.0004
30.0000 0.0240 0.0069 0.0002 0.0240 0.0069 0.0002
40.0000 0.0820 0.0128 0.0001 0.0820 0.0128 0.0001
50.0000 0.1340 0.0164 0.0000 0.1940 0.0164 0.0000
60.0000 0.3380 0.0260 0.0000 0.3380 0.0260 0.0000
70.0000 0.4460 0.0299 0.0000 0.4960 0.0299 0.0000
80.0000 0.7000 0.0374 0.0000 0.6300 0.0374 0.0000
90.0000 0.8060 0.0401 0.0000 0.8060 0.0401 0.0000
100.0000 0.9260 0.0430 0.0000 0.9260 0.0430 0.0000
110.0000 0.9580 0.0438 0.0000 0.9580 0.0438 0.0000
120.0000 0.9740 0.0441 0.0000 0.9740 0.0441 0.0000
130.0000 0.9940 0.0446 0.0000 0.9940 0.0446 0.0000
140.0000 1.0000 0.0447 0.0000 1.0000 0.0447 0.0000
150.0000 0.9980 0.0447 0.0000 0.9980 0.0447 0.0000
160.0000 1.0000 0.0447 0.0000 1.0000 0.0447 0.0000
170.0000 1.0000 0.0447 0.0000 1.0000 0.0447 0.0000
180.0000 1.0000 0.0447 0.0000 1.0000 0.0447 0.0000
190.0000 1.0000 0.0447 0.0000 1.0000 0.0447 0.0000
200.0000 1.0000 0.0447 0.0000 1.0000 0.0447 0.0000
210.0000 1.0000 0.0447 0.0000 1.0000 0.0447 0.0000
220.0000 1.0000 0.0447 0.0000 1.0000 0.0447 0.0000
230.0000 1.0000 0.0447 0.0000 1.0000 0.0447 0.0000
240.0000 1.0000 0.0447 0.0000 1.0000 0.0447 0.0000
250.0000 1.0000 0.0447 0.0000 1.0000 0.0447 0.0000
