20.0000 0.0100 0.0045 0.0001 0.0100 0.0045 0.0001
40.0000 0.0820 0.0128 0.0000 0.0820 0.0128 0.0000
60.0000 0.3380 0.0260 0.0000 0.3380 0.0260 0.0000
80.0000 0.7000 0.0374 0.0000 0.7000 0.0374 0.0000
100.0000 0.9260 0.0430 0.0000 0.9260 0.0430 0.0000
120.0000 0.9740 0.0441 0.0000 0.9740 0.0441 0.0000
140.0000 1.0000 0.0447 0.0000 1.0000 0.0447 0.0000
160.0000 1.0000 0.0447 0.0000 1.0000 0.0447 0.0000
180.0000 1.0000 0.0447 0.0000 1.0000 0.0447 0.0000
200.0000 1.0000 0.0447 0.0000 1.0000 0.0447 0.0000
