10.0000 0.0040 0.0028 0.0025 0.0060 0.0035 0.0025
20.0000 0.0500 0.0100 0.0014 0.0600 0.0110 0.0014
30.0000 0.1080 0.0147 0.0006 0.1200 0.0155 0.0006
40.0000 0.2060 0.0203 0.0002 0.2160 0.0208 0.0002
50.0000 0.3320 0.0258 0.0001 0.3500 0.0265 0.0001
60.0000 0.5740 0.0339 0.0000 0.5940 0.0345 0.0000
70.0000 0.7080 0.0376 0.0000 0.7220 0.0380 0.0000
80.0000 0.8220 0.0405 0.0000 0.8300 0.0407 0.0000
90.0000 0.9280 0.0431 0.0000 0.9320 0.0432 0.0000
100.0000 0.9440 0.0435 0.0000 0.9440 0.0435 0.0000
110.0000 0.9560 0.0437 0.0000 0.9600 0.0438 0.0000
120.0000 0.9700 0.0440 0.0000 0.9700 0.0440 0.0000
130.0000 0.9920 0.0445 0.0000 0.9920 0.0445 0.0000
140.0000 0.9880 0.0445 0.0000 0.9880 0.0445 0.0000
150.0000 0.9900 0.0445 0.0000 0.9900 0.0445 0.0000
160.0000 0.9980 0.0447 0.0000 0.9980 0.0447 0.0000
170.0000 0.9980 0.0447 0.0000 0.9980 0.0447 0.0000
180.0000 1.0000 0.0447 0.0000 1.0000 0.0447 0.0000
190.0000 1.0000 0.0447 0.0000 1.0000 0.0447 0.0000
200.0000 1.0000 0.0447 0.0000 1.0000 0.0447 0.0000
210.0000 1.0000 0.0447 0.0000 1.0000 0.0447 0.0000
220.0000 1.0000 0.0447 0.0000 1.0000 0.0447 0.0000
230.0000 1.0000 0.0447 0.0000 1.0000 0.0447 0.0000
240.0000 1.0000 0.0447 0.0000 1.0000 0.0447 0.0000
250.0000 1.0000 0.0447 0.0000 1.0000 0.0447 0.0000
