10.0000 0.0200 0.0063 0.0113 0.0200 0.0063 0.0113
20.0000 0.0720 0.0120 0.0068 0.0720 0.0120 0.0068
30.0000 0.1920 0.0196 0.0036 0.2060 0.0203 0.0036
40.0000 0.2720 0.0233 0.0017 0.2780 0.0236 0.0017
50.0000 0.3820 0.0276 0.0007 0.3900 0.0279 0.0007
60.0000 0.4840 0.0311 0.0003 0.4920 0.0314 0.0003
70.0000 0.6620 0.0364 0.0001 0.6780 0.0368 0.0001
80.0000 0.7740 0.0393 0.0000 0.7740 0.0393 0.0000
90.0000 0.9160 0.0428 0.0000 0.9160 0.0428 0.0000
100.0000 0.9880 0.0445 0.0000 0.9880 0.0445 0.0000
110.0000 0.9920 0.0445 0.0000 0.9920 0.0445 0.0000
120.0000 1.0000 0.0447 0.0000 1.0000 0.0447 0.0000
130.0000 1.0000 0.0447 0.0000 1.0000 0.0447 0.0000
140.0000 1.0000 0.0447 0.0000 1.0000 0.0447 0.0000
150.0000 1.0000 0.0447 0.0000 1.0000 0.0447 0.0000
160.0000 1.0000 0.0447 0.0000 1.0000 0.0447 0.0000
170.0000 1.0000 0.0447 0.0000 1.0000 0.0447 0.0000
180.0000 1.0000 0.0447 0.0000 1.0000 0.0447 0.0000
190.0000 1.0000 0.0447 0.0000 1.0000 0.0447 0.0000
200.0000 1.0000 0.0447 0.0000 1.0000 0.0447 0.0000
210.0000 1.0000 0.0447 0.0000 1.0000 0.0447 0.0000
220.0000 1.0000 0.0447 0.0000 1.0000 0.0447 0.0000
230.0000 1.0000 0.0447 0.0000 1.0000 0.0447 0.0000
240.0000 1.0000 0.0447 0.0000 1.0000 0.0447 0.0000
250.0000 1.0000 0.0447 0.0000 1.0000 0.0447 0.0000
