20.0000 0.0720 0.0120 0.0037 0.0720 0.0120 0.0057
40.0000 0.2720 0.0233 0.0009 0.2780 0.0236 0.0014
60.0000 0.4840 0.0311 0.0002 0.4920 0.0314 0.0002
80.0000 0.7740 0.0393 0.0000 0.7740 0.0393 0.0000
100.0000 0.9880 0.0445 0.0000 0.9880 0.0445 0.0000
120.0000 1.0000 0.0447 0.0000 1.0000 0.0447 0.0000
140.0000 1.0000 0.0447 0.0000 1.0000 0.0447 0.0000
160.0000 1.0000 0.0447 0.0000 1.0000 0.0447 0.0000
180.0000 1.0000 0.0447 0.0000 1.0000 0.0447 0.0000
200.0000 1.0000 0.0447 0.0000 1.0000 0.0447 0.0000
