20.0000 0.0100 0.0045 0.0011 0.0100 0.0045 0.0011
40.0000 0.1000 0.0141 0.0001 0.1000 0.0141 0.0001
60.0000 0.4560 0.0302 0.0000 0.4560 0.0302 0.0000
80.0000 0.7660 0.0391 0.0000 0.7660 0.0391 0.0000
100.0000 0.9480 0.0435 0.0000 0.9480 0.0435 0.0000
120.0000 0.9920 0.0445 0.0000 0.9920 0.0445 0.0000
140.0000 0.9960 0.0446 0.0000 0.9960 0.0446 0.0000
160.0000 0.9960 0.0446 0.0000 0.9960 0.0446 0.0000
180.0000 1.0000 0.0447 0.0000 1.0000 0.0447 0.0000
200.0000 1.0000 0.0447 0.0000 1.0000 0.0447 0.0000
