250  247  0000  0.479  0.480   -12   -12  0.23050  -0.30050  -1  20
250  248  0001  0.483  0.483    20    19  0.38050  -0.08150  0  20
250  219  0002  0.481  0.485   -85   -85  -0.26450  -0.40550  -1  20
250  222  0003  0.480  0.480   124   123  0.07450  0.44350  -2  22
250  239  0004  0.483  0.483    83    82  0.32650  0.35350  -1  21
250  206  0005  0.491  0.491   -73   -73  -0.19550  -0.44150  -2  20
250  248  0006  0.485  0.486    20    19  0.38350  -0.08150  0  19
250  252  0007  0.484  0.485    56    55  0.41050  0.19150  -0  20
250  241  0008  0.486  0.486  -114  -114  -0.39050  -0.26150  0  22
250  235  0009  0.486  0.486    -3    -3  0.28450  -0.24950  -0  19
250  214  0010  0.484  0.484    87    87  0.30550  0.37450  -1  20
250  245  0011  0.478  0.481   173   173  -0.26150  0.26950  -1  19
250  253  0012  0.487  0.488    33    32  0.41350  0.02050  -0  20
250  208  0013  0.481  0.483    65    65  0.38950  0.25450  0  19
250  205  0014  0.482  0.483    64    64  0.39250  0.24850  0  19
250  240  0015  0.490  0.492   -86   -85  -0.27350  -0.40850  -1  20
250  263  0016  0.486  0.485  -171  -171  -0.34250  0.16450  -0  19
250  281  0017  0.483  0.484   128   128  0.04150  0.44350  -2  21
250  269  0018  0.490  0.490    96    96  0.26050  0.41350  -2  22
250  214  0019  0.485  0.483   -33   -33  0.09250  -0.39950  -1  20
250  224  0020  0.491  0.491  -128  -127  -0.42050  -0.16850  0  19
250  230  0021  0.488  0.488     3     2  0.31750  -0.20750  -0  19
250  247  0022  0.487  0.487  -160  -159  -0.38450  0.08050  0  19
250  221  0023  0.482  0.480    73    73  0.36250  0.30250  -0  21
250  216  0024  0.492  0.492  -167  -167  -0.36350  0.13750  1  20
250  229  0025  0.479  0.476  -136  -135  -0.41150  -0.10550  0  20
250  207  0026  0.489  0.489   148   147  -0.09950  0.40150  -1  18
250  248  0027  0.483  0.483    34    33  0.41050  0.02650  -0  20
250  237  0028  0.489  0.489   103   102  0.21850  0.43150  -2  21
250  232  0029  0.489  0.491    -2    -2  0.29350  -0.24350  -0  19
250  255  0030  0.482  0.483  -170  -170  -0.34550  0.15550  0  19
250  226  0031  0.484  0.482  -145  -144  -0.41150  -0.03650  -0  20
250  206  0032  0.487  0.487   107   106  0.19450  0.43750  -2  19
250  255  0033  0.491  0.494   173   172  -0.26750  0.27850  -0  20
250  194  0034  0.490  0.492   109   109  0.17950  0.44650  -2  19
250  251  0035  0.491  0.491   171   171  -0.25550  0.28750  -0  20
250  226  0036  0.480  0.479   178   177  -0.28550  0.23950  -0  18
250  214  0037  0.486  0.486   -33   -33  0.09250  -0.40250  -1  20
250  229  0038  0.484  0.483  -138  -137  -0.41750  -0.09050  0  19
250  261  0039  0.491  0.492    43    43  0.42550  0.10150  0  22
250  273  0040  0.488  0.490   -27   -26  0.13750  -0.38150  -1  21
250  227  0041  0.490  0.489     1     0  0.30850  -0.22250  -0  19
250  222  0042  0.486  0.491   -83   -82  -0.25550  -0.41750  -1  21
250  230  0043  0.479  0.476  -136  -135  -0.41150  -0.10550  0  20
250  245  0044  0.481  0.482   126   126  0.05350  0.44350  -2  21
250  230  0045  0.487  0.491    -2    -2  0.29350  -0.24350  -0  19
250  230  0046  0.484  0.484   163   162  -0.20150  0.32950  -0  19
250  269  0047  0.484  0.485   -27   -27  0.13450  -0.37850  -1  21
250  254  0048  0.491  0.490  -159  -158  -0.39050  0.07150  0  20
250  234  0049  0.481  0.480  -168  -168  -0.35150  0.14050  0  20
250  226  0050  0.479  0.478   -56   -56  -0.07550  -0.44150  -2  19
250  239  0051  0.483  0.484   -62   -62  -0.11750  -0.44750  -2  20
250  245  0052  0.482  0.480    10    10  0.34450  -0.15350  0  20
250  283  0053  0.488  0.489   130   129  0.03250  0.44650  -2  21
250  224  0054  0.487  0.489    60    59  0.40750  0.22150  0  20
250  266  0055  0.480  0.483   127   127  0.04750  0.44350  -2  21
250  224  0056  0.491  0.492  -131  -131  -0.42350  -0.14450  0  19
250  261  0057  0.485  0.487   -15   -15  0.21550  -0.32150  -1  20
250  235  0058  0.491  0.491   -76   -76  -0.21350  -0.43550  -2  20
250  266  0059  0.484  0.484  -152  -151  -0.40250  0.01750  -1  20
250  220  0060  0.487  0.488   -32   -31  0.10150  -0.39950  -1  20
250  242  0061  0.485  0.482    27    27  0.39850  -0.02450  -0  19
250  231  0062  0.484  0.484   -59   -58  -0.09350  -0.44750  -2  19
250  225  0063  0.491  0.493    70    69  0.38350  0.29050  -0  20
250  198  0064  0.480  0.481  -178  -177  -0.30950  0.20950  0  18
250  274  0065  0.490  0.489   -17   -17  0.20350  -0.33350  -1  21
250  235  0066  0.483  0.481   177   176  -0.28250  0.24550  -0  19
250  250  0067  0.490  0.488  -107  -106  -0.36950  -0.30650  -1  21
250  223  0068  0.491  0.486   163   162  -0.20150  0.33250  -0  19
250  242  0069  0.480  0.481   132   131  0.02050  0.43750  -2  20
250  252  0070  0.485  0.488    33    32  0.41350  0.02050  -0  20
250  212  0071  0.478  0.478   140   140  -0.04250  0.41650  -1  18
250  229  0072  0.487  0.489    67    66  0.38950  0.26950  0  20
250  227  0073  0.489  0.487  -146  -146  -0.41450  -0.02750  -0  20
250  246  0074  0.482  0.479    30    29  0.40150  -0.00350  -0  21
250  276  0075  0.478  0.480  -150  -149  -0.40250  0.00250  -1  21
250  225  0076  0.482  0.482  -130  -129  -0.41450  -0.15050  0  19
250  217  0077  0.483  0.485   136   136  -0.01550  0.43150  -1  18
250  248  0078  0.479  0.479     9     8  0.33850  -0.16250  0  20
250  205  0079  0.484  0.484   -73   -73  -0.19250  -0.43550  -2  20
250  251  0080  0.481  0.483   172   171  -0.25550  0.27850  -1  19
250  217  0081  0.484  0.483  -126  -125  -0.41150  -0.18050  0  19
250  243  0082  0.480  0.478  -175  -174  -0.32150  0.18850  0  20
250  271  0083  0.484  0.485    45    44  0.41950  0.11350  -0  21
250  248  0084  0.482  0.483  -110  -109  -0.37550  -0.28550  -0  21
250  227  0085  0.484  0.485  -176  -175  -0.32150  0.19750  0  18
250  250  0086  0.491  0.492   159   158  -0.17750  0.35650  -0  19
250  241  0087  0.491  0.491   -46   -45  -0.00050  -0.44150  -2  20
250  211  0088  0.479  0.478   140   140  -0.04250  0.41650  -1  18
250  235  0089  0.479  0.478    -7    -6  0.26050  -0.26750  -0  19
250  233  0090  0.491  0.493    69    68  0.38650  0.28450  -0  20
250  241  0091  0.487  0.489   -44   -43  0.01450  -0.43550  -2  20
250  241  0092  0.483  0.483   122   121  0.08950  0.44650  -2  21
250  241  0093  0.491  0.491    82    81  0.33550  0.35650  -1  21
250  213  0094  0.492  0.491  -144  -143  -0.42050  -0.04550  0  19
250  237  0095  0.488  0.490     5     5  0.32950  -0.19250  -0  20
250  251  0096  0.483  0.485    56    55  0.41050  0.19150  -0  20
250  224  0097  0.488  0.487   166   166  -0.22250  0.31450  -0  18
250  229  0098  0.483  0.485    -2    -2  0.29050  -0.24050  -0  19
250  206  0099  0.492  0.491   -73   -73  -0.19550  -0.44150  -2  20
250  267  0100  0.488  0.491    50    49  0.42250  0.14950  -0  23
250  222  0101  0.480  0.479    67    67  0.38050  0.26650  0  20
250  224  0102  0.479  0.482   -87   -86  -0.27350  -0.39650  -1  19
250  232  0103  0.491  0.491    -9    -9  0.25450  -0.28850  -0  19
250  227  0104  0.481  0.483   -86   -86  -0.27050  -0.39950  -1  20
250  198  0105  0.489  0.491   108   107  0.18850  0.44350  -2  19
250  224  0106  0.488  0.489    60    59  0.40750  0.22150  0  20
250  222  0107  0.482  0.481    89    89  0.29350  0.38050  -1  21
250  236  0108  0.483  0.484   -48   -48  -0.01550  -0.43850  -2  19
250  239  0109  0.481  0.480   -76   -75  -0.20750  -0.42650  -2  20
250  248  0110  0.485  0.484   -63   -63  -0.12350  -0.44750  -2  20
250  229  0111  0.485  0.482     3     3  0.31450  -0.20450  -0  19
250  205  0112  0.491  0.489  -102  -102  -0.35150  -0.33350  -1  19
250  228  0113  0.488  0.489    -8    -7  0.26050  -0.27950  -1  19
250  212  0114  0.481  0.482   -55   -55  -0.06950  -0.44450  -2  19
250  256  0115  0.491  0.495   -30   -29  0.11950  -0.39650  -1  21
250  233  0116  0.484  0.483    23    22  0.38950  -0.05750  0  19
250  263  0117  0.488  0.487   -15   -15  0.21550  -0.32150  -1  20
250  245  0118  0.490  0.492   126   126  0.05650  0.45250  -2  22
250  236  0119  0.484  0.485   -78   -77  -0.22250  -0.42650  -2  20
250  230  0120  0.480  0.480   123   122  0.08050  0.44350  -2  21
250  228  0121  0.488  0.487    24    24  0.39550  -0.04850  0  19
250  210  0122  0.481  0.478   -93   -93  -0.30350  -0.36950  -1  19
250  197  0123  0.481  0.481   112   112  0.15550  0.44050  -2  18
250  245  0124  0.484  0.484    -6    -5  0.26950  -0.26450  -1  19
250  217  0125  0.484  0.485    61    60  0.40150  0.22750  0  19
250  258  0126  0.490  0.486   -24   -24  0.15550  -0.36650  -1  21
250  213  0127  0.490  0.488  -177  -176  -0.31850  0.20650  -0  17
250  232  0128  0.489  0.487    84    83  0.32350  0.36250  -1  20
