20.0000 0.0580 0.0108 0.0035 0.0640 0.0113 0.0035
40.0000 0.2040 0.0202 0.0004 0.2120 0.0206 0.0004
60.0000 0.5480 0.0331 0.0000 0.5740 0.0339 0.0000
80.0000 0.7460 0.0386 0.0000 0.7760 0.0394 0.0000
100.0000 0.9000 0.0424 0.0000 0.9160 0.0428 0.0000
120.0000 0.9200 0.0429 0.0000 0.9260 0.0430 0.0000
140.0000 0.9420 0.0434 0.0000 0.9500 0.0436 0.0000
160.0000 0.9760 0.0442 0.0000 0.9760 0.0442 0.0000
180.0000 0.9940 0.0446 0.0000 0.9940 0.0446 0.0000
200.0000 0.9940 0.0446 0.0000 0.9940 0.0446 0.0000
