10.0000 0.0020 0.0020 0.0089 0.0020 0.0020 0.0089
20.0000 0.0020 0.0020 0.0063 0.0020 0.0020 0.0063
30.0000 0.0360 0.0085 0.0041 0.0360 0.0085 0.0041
40.0000 0.0640 0.0113 0.0025 0.0660 0.0115 0.0025
50.0000 0.0560 0.0106 0.0014 0.1160 0.0106 0.0014
60.0000 0.1680 0.0183 0.0007 0.1680 0.0183 0.0007
70.0000 0.2620 0.0229 0.0004 0.2620 0.0229 0.0004
80.0000 0.4160 0.0288 0.0002 0.4180 0.0289 0.0002
90.0000 0.5680 0.0337 0.0001 0.5700 0.0338 0.0001
100.0000 0.7200 0.0379 0.0000 0.7200 0.0379 0.0000
110.0000 0.8220 0.0405 0.0000 0.8220 0.0405 0.0000
120.0000 0.8980 0.0424 0.0000 0.8980 0.0424 0.0000
130.0000 0.9400 0.0434 0.0000 0.9400 0.0434 0.0000
140.0000 0.9720 0.0441 0.0000 0.9720 0.0441 0.0000
150.0000 0.9920 0.0445 0.0000 0.9920 0.0445 0.0000
160.0000 0.9880 0.0445 0.0000 0.9880 0.0445 0.0000
170.0000 0.9900 0.0445 0.0000 0.9900 0.0445 0.0000
180.0000 0.9960 0.0446 0.0000 0.9960 0.0446 0.0000
190.0000 1.0000 0.0447 0.0000 1.0000 0.0447 0.0000
200.0000 0.9980 0.0447 0.0000 0.9980 0.0447 0.0000
210.0000 1.0000 0.0447 0.0000 1.0000 0.0447 0.0000
220.0000 1.0000 0.0447 0.0000 1.0000 0.0447 0.0000
230.0000 1.0000 0.0447 0.0000 1.0000 0.0447 0.0000
240.0000 1.0000 0.0447 0.0000 1.0000 0.0447 0.0000
250.0000 1.0000 0.0447 0.0000 1.0000 0.0447 0.0000
