10.0000 0.0000 0.0000 0.0153 0.0000 0.0000 0.0153
20.0000 0.0100 0.0045 0.0110 0.0100 0.0045 0.0110
30.0000 0.0640 0.0113 0.0075 0.0680 0.0117 0.0075
40.0000 0.1220 0.0156 0.0048 0.1260 0.0159 0.0048
50.0000 0.1760 0.0188 0.0029 0.1820 0.0191 0.0029
60.0000 0.3080 0.0248 0.0016 0.3180 0.0252 0.0016
70.0000 0.4780 0.0309 0.0008 0.4880 0.0312 0.0008
80.0000 0.5960 0.0345 0.0004 0.6060 0.0348 0.0004
90.0000 0.6880 0.0371 0.0002 0.7120 0.0372 0.0002
100.0000 0.8240 0.0406 0.0001 0.8280 0.0407 0.0001
110.0000 0.8940 0.0423 0.0000 0.8940 0.0423 0.0000
120.0000 0.9400 0.0434 0.0000 0.9400 0.0434 0.0000
130.0000 0.9580 0.0438 0.0000 0.9580 0.0438 0.0000
140.0000 0.9760 0.0442 0.0000 0.9760 0.0442 0.0000
150.0000 0.9560 0.0437 0.0000 0.9900 0.0437 0.0000
160.0000 0.9920 0.0445 0.0000 0.9920 0.0445 0.0000
170.0000 0.9980 0.0447 0.0000 0.9980 0.0447 0.0000
180.0000 0.9960 0.0446 0.0000 0.9960 0.0446 0.0000
190.0000 0.9960 0.0446 0.0000 0.9960 0.0446 0.0000
200.0000 0.9980 0.0447 0.0000 0.9980 0.0447 0.0000
210.0000 0.9960 0.0446 0.0000 0.9960 0.0446 0.0000
220.0000 1.0000 0.0447 0.0000 1.0000 0.0447 0.0000
230.0000 1.0000 0.0447 0.0000 1.0000 0.0447 0.0000
240.0000 1.0000 0.0447 0.0000 1.0000 0.0447 0.0000
250.0000 1.0000 0.0447 0.0000 1.0000 0.0447 0.0000
