20.0000 0.0020 0.0020 0.0063 0.0020 0.0020 0.0063
40.0000 0.0640 0.0113 0.0025 0.0660 0.0115 0.0025
60.0000 0.1680 0.0183 0.0007 0.1680 0.0183 0.0007
80.0000 0.4160 0.0288 0.0002 0.4180 0.0289 0.0002
100.0000 0.7200 0.0379 0.0000 0.7200 0.0379 0.0000
120.0000 0.8980 0.0424 0.0000 0.8980 0.0424 0.0000
140.0000 0.9720 0.0441 0.0000 0.9720 0.0441 0.0000
160.0000 0.9880 0.0445 0.0000 0.9880 0.0445 0.0000
180.0000 0.9960 0.0446 0.0000 0.9960 0.0446 0.0000
200.0000 0.9980 0.0447 0.0000 0.9980 0.0447 0.0000
