20.0000 0.0100 0.0045 0.0110 0.0100 0.0045 0.0110
40.0000 0.1220 0.0156 0.0048 0.1260 0.0159 0.0048
60.0000 0.3080 0.0248 0.0016 0.3180 0.0252 0.0016
80.0000 0.5960 0.0345 0.0004 0.6060 0.0348 0.0004
100.0000 0.8240 0.0406 0.0001 0.8280 0.0407 0.0001
120.0000 0.9400 0.0434 0.0000 0.9400 0.0434 0.0000
140.0000 0.9760 0.0442 0.0000 0.9760 0.0442 0.0000
160.0000 0.9920 0.0445 0.0000 0.9920 0.0445 0.0000
180.0000 0.9960 0.0446 0.0000 0.9960 0.0446 0.0000
200.0000 0.9980 0.0447 0.0000 0.9980 0.0447 0.0000
