20.0000 0.0060 0.0035 0.0003 0.0080 0.0040 0.0018
40.0000 0.0200 0.0063 0.0002 0.0400 0.0089 0.0010
60.0000 0.0600 0.0110 0.0001 0.1080 0.0147 0.0005
80.0000 0.1320 0.0162 0.0000 0.2040 0.0202 0.0002
100.0000 0.3200 0.0253 0.0000 0.4100 0.0286 0.0001
120.0000 0.5620 0.0335 0.0000 0.6280 0.0354 0.0000
140.0000 0.6900 0.0371 0.0000 0.7660 0.0391 0.0000
160.0000 0.8820 0.0420 0.0000 0.9280 0.0431 0.0000
180.0000 0.9500 0.0436 0.0000 0.9720 0.0441 0.0000
200.0000 0.9820 0.0443 0.0000 0.9900 0.0445 0.0000
