20.0000 0.0060 0.0035 0.0006 0.0240 0.0069 0.0037
40.0000 0.0100 0.0045 0.0004 0.0380 0.0087 0.0022
60.0000 0.0260 0.0072 0.0002 0.0740 0.0122 0.0012
80.0000 0.0940 0.0137 0.0001 0.1780 0.0189 0.0006
100.0000 0.2000 0.0200 0.0000 0.3040 0.0247 0.0002
120.0000 0.3340 0.0258 0.0000 0.4560 0.0302 0.0001
140.0000 0.5460 0.0330 0.0000 0.6500 0.0361 0.0000
160.0000 0.6900 0.0371 0.0000 0.7920 0.0398 0.0000
180.0000 0.7920 0.0398 0.0000 0.8720 0.0418 0.0000
200.0000 0.8360 0.0409 0.0000 0.9180 0.0428 0.0000
