10.0000 0.0060 0.0035 0.0035 0.0240 0.0069 0.0045
20.0000 0.0060 0.0035 0.0029 0.0240 0.0069 0.0037
30.0000 0.0160 0.0057 0.0023 0.0400 0.0089 0.0029
40.0000 0.0100 0.0045 0.0018 0.0380 0.0087 0.0022
50.0000 0.0120 0.0049 0.0013 0.0560 0.0106 0.0017
60.0000 0.0260 0.0072 0.0010 0.0740 0.0122 0.0012
70.0000 0.0440 0.0094 0.0007 0.1220 0.0136 0.0008
80.0000 0.0940 0.0137 0.0005 0.1780 0.0189 0.0006
90.0000 0.1460 0.0171 0.0003 0.2300 0.0214 0.0004
100.0000 0.2000 0.0200 0.0002 0.3040 0.0247 0.0002
110.0000 0.2260 0.0213 0.0001 0.3840 0.0258 0.0001
120.0000 0.3340 0.0258 0.0001 0.4560 0.0302 0.0001
130.0000 0.4280 0.0293 0.0000 0.5480 0.0331 0.0000
140.0000 0.5460 0.0330 0.0000 0.6500 0.0361 0.0000
150.0000 0.5600 0.0335 0.0000 0.7160 0.0370 0.0000
160.0000 0.6900 0.0371 0.0000 0.7920 0.0398 0.0000
170.0000 0.6760 0.0368 0.0000 0.8280 0.0397 0.0000
180.0000 0.7920 0.0398 0.0000 0.8720 0.0418 0.0000
190.0000 0.8260 0.0406 0.0000 0.9040 0.0425 0.0000
200.0000 0.8360 0.0409 0.0000 0.9180 0.0428 0.0000
210.0000 0.8760 0.0419 0.0000 0.9500 0.0436 0.0000
220.0000 0.8840 0.0420 0.0000 0.9740 0.0441 0.0000
230.0000 0.8960 0.0423 0.0000 0.9680 0.0440 0.0000
240.0000 0.9200 0.0429 0.0000 0.9740 0.0441 0.0000
250.0000 0.9300 0.0431 0.0000 0.9760 0.0442 0.0000
