10.0000 0.0040 0.0028 0.0019 0.0180 0.0060 0.0023
20.0000 0.0060 0.0035 0.0015 0.0080 0.0040 0.0018
30.0000 0.0120 0.0049 0.0011 0.0240 0.0069 0.0014
40.0000 0.0200 0.0063 0.0008 0.0400 0.0089 0.0010
50.0000 0.0480 0.0098 0.0006 0.0820 0.0128 0.0007
60.0000 0.0600 0.0110 0.0004 0.1080 0.0147 0.0005
70.0000 0.0800 0.0126 0.0002 0.1560 0.0177 0.0003
80.0000 0.1320 0.0162 0.0002 0.2040 0.0202 0.0002
90.0000 0.2060 0.0203 0.0001 0.2920 0.0242 0.0001
100.0000 0.3200 0.0253 0.0001 0.3900 0.0286 0.0001
110.0000 0.3820 0.0276 0.0000 0.4780 0.0309 0.0000
120.0000 0.5620 0.0335 0.0000 0.5580 0.0354 0.0000
130.0000 0.5400 0.0329 0.0000 0.6600 0.0358 0.0000
140.0000 0.6900 0.0371 0.0000 0.7660 0.0391 0.0000
150.0000 0.7960 0.0399 0.0000 0.8580 0.0414 0.0000
160.0000 0.8820 0.0420 0.0000 0.9280 0.0431 0.0000
170.0000 0.9140 0.0428 0.0000 0.9480 0.0435 0.0000
180.0000 0.9500 0.0436 0.0000 0.9720 0.0441 0.0000
190.0000 0.9620 0.0439 0.0000 0.9900 0.0445 0.0000
200.0000 0.9820 0.0443 0.0000 0.9900 0.0445 0.0000
210.0000 0.9920 0.0445 0.0000 0.9960 0.0446 0.0000
220.0000 0.9960 0.0446 0.0000 0.9980 0.0447 0.0000
230.0000 0.9980 0.0447 0.0000 0.9980 0.0447 0.0000
240.0000 1.0000 0.0447 0.0000 1.0000 0.0447 0.0000
250.0000 0.9980 0.0447 0.0000 0.9980 0.0447 0.0000
