20.0000 0.0840 0.0130 0.0045 0.0940 0.0137 0.0052
40.0000 0.2740 0.0234 0.0013 0.2800 0.0237 0.0016
60.0000 0.5860 0.0342 0.0003 0.5940 0.0345 0.0003
80.0000 0.8660 0.0416 0.0000 0.8700 0.0417 0.0000
100.0000 0.9640 0.0439 0.0000 0.9640 0.0439 0.0000
120.0000 0.9940 0.0446 0.0000 0.9940 0.0446 0.0000
140.0000 1.0000 0.0447 0.0000 1.0000 0.0447 0.0000
160.0000 1.0000 0.0447 0.0000 1.0000 0.0447 0.0000
180.0000 1.0000 0.0447 0.0000 1.0000 0.0447 0.0000
200.0000 1.0000 0.0447 0.0000 1.0000 0.0447 0.0000
