10.0000 0.0420 0.0092 0.0070 0.0440 0.0094 0.0079
30.0000 0.1380 0.0166 0.0026 0.1380 0.0166 0.0030
50.0000 0.3900 0.0279 0.0006 0.3920 0.0280 0.0007
70.0000 0.7080 0.0376 0.0001 0.7140 0.0378 0.0001
90.0000 0.9140 0.0428 0.0000 0.9140 0.0428 0.0000
110.0000 0.9840 0.0444 0.0000 0.9840 0.0444 0.0000
130.0000 1.0000 0.0447 0.0000 1.0000 0.0447 0.0000
150.0000 1.0000 0.0447 0.0000 1.0000 0.0447 0.0000
170.0000 1.0000 0.0447 0.0000 1.0000 0.0447 0.0000
190.0000 1.0000 0.0447 0.0000 1.0000 0.0447 0.0000
210.0000 1.0000 0.0447 0.0000 1.0000 0.0447 0.0000
220.0000 1.0000 0.0447 0.0000 1.0000 0.0447 0.0000
230.0000 1.0000 0.0447 0.0000 1.0000 0.0447 0.0000
240.0000 1.0000 0.0447 0.0000 1.0000 0.0447 0.0000
250.0000 1.0000 0.0447 0.0000 1.0000 0.0447 0.0000
