10.0000 0.0340 0.0082 0.0557 0.0340 0.0082 0.0557
20.0000 0.0340 0.0082 0.0445 0.0340 0.0082 0.0445
30.0000 0.0320 0.0080 0.0344 0.0320 0.0080 0.0344
40.0000 0.0340 0.0111 0.0260 0.0340 0.0111 0.0260
50.0000 0.0360 0.0085 0.0191 0.0360 0.0085 0.0191
60.0000 0.0500 0.0100 0.0138 0.0500 0.0100 0.0138
70.0000 0.0400 0.0089 0.0100 0.0400 0.0089 0.0100
80.0000 0.0980 0.0140 0.0071 0.0980 0.0140 0.0071
90.0000 0.2200 0.0210 0.0048 0.2200 0.0210 0.0048
100.0000 0.3000 0.0245 0.0030 0.3000 0.0245 0.0030
110.0000 0.4100 0.0286 0.0020 0.4100 0.0286 0.0020
120.0000 0.5160 0.0321 0.0012 0.5160 0.0321 0.0012
130.0000 0.6300 0.0355 0.0007 0.6300 0.0355 0.0007
140.0000 0.7100 0.0397 0.0004 0.7100 0.0397 0.0004
150.0000 0.8000 0.0400 0.0002 0.8000 0.0400 0.0002
160.0000 0.8240 0.0423 0.0001 0.8240 0.0423 0.0001
170.0000 0.8820 0.0420 0.0001 0.8820 0.0420 0.0001
180.0000 0.9040 0.0425 0.0000 0.9040 0.0425 0.0000
190.0000 0.9420 0.0434 0.0000 0.9420 0.0434 0.0000
200.0000 0.9640 0.0439 0.0000 0.9640 0.0439 0.0000
210.0000 0.9860 0.0444 0.0000 0.9860 0.0444 0.0000
220.0000 0.9920 0.0445 0.0000 0.9920 0.0445 0.0000
230.0000 1.0000 0.0447 0.0000 1.0000 0.0447 0.0000
240.0000 1.0000 0.0447 0.0000 1.0000 0.0447 0.0000
250.0000 1.0000 0.0447 0.0000 1.0000 0.0447 0.0000
