20.0000 0.0340 0.0082 0.0149 0.0340 0.0082 0.0149
40.0000 0.0620 0.0111 0.0087 0.0620 0.0111 0.0087
60.0000 0.0500 0.0100 0.0046 0.0500 0.0100 0.0047
80.0000 0.0980 0.0140 0.0024 0.0980 0.0140 0.0025
100.0000 0.3000 0.0245 0.0011 0.3000 0.0245 0.0012
120.0000 0.5160 0.0321 0.0005 0.5160 0.0321 0.0005
140.0000 0.7900 0.0397 0.0002 0.7900 0.0397 0.0002
160.0000 0.8940 0.0423 0.0000 0.8940 0.0423 0.0000
180.0000 0.9040 0.0425 0.0000 0.9440 0.0425 0.0000
200.0000 0.9640 0.0439 0.0000 0.9640 0.0439 0.0000
