10.0000 0.0000 0.0000 0.0052 0.0040 0.0028 0.0052
20.0000 0.0220 0.0066 0.0028 0.0260 0.0072 0.0028
30.0000 0.0860 0.0131 0.0013 0.1000 0.0141 0.0013
40.0000 0.2540 0.0225 0.0005 0.2620 0.0229 0.0005
50.0000 0.3940 0.0281 0.0002 0.4140 0.0288 0.0002
60.0000 0.6860 0.0370 0.0000 0.6900 0.0371 0.0000
70.0000 0.8260 0.0406 0.0000 0.8260 0.0414 0.0000
80.0000 0.8760 0.0419 0.0000 0.8840 0.0420 0.0000
90.0000 0.9320 0.0432 0.0000 0.9380 0.0433 0.0000
100.0000 0.9720 0.0441 0.0000 0.9720 0.0441 0.0000
110.0000 0.9940 0.0446 0.0000 0.9940 0.0446 0.0000
120.0000 0.9960 0.0446 0.0000 0.9960 0.0446 0.0000
130.0000 0.9960 0.0446 0.0000 0.9960 0.0446 0.0000
140.0000 0.9980 0.0447 0.0000 0.9980 0.0447 0.0000
150.0000 1.0000 0.0447 0.0000 1.0000 0.0447 0.0000
160.0000 1.0000 0.0447 0.0000 1.0000 0.0447 0.0000
170.0000 1.0000 0.0447 0.0000 1.0000 0.0447 0.0000
180.0000 1.0000 0.0447 0.0000 1.0000 0.0447 0.0000
190.0000 1.0000 0.0447 0.0000 1.0000 0.0447 0.0000
200.0000 1.0000 0.0447 0.0000 1.0000 0.0447 0.0000
210.0000 1.0000 0.0447 0.0000 1.0000 0.0447 0.0000
220.0000 1.0000 0.0447 0.0000 1.0000 0.0447 0.0000
230.0000 1.0000 0.0447 0.0000 1.0000 0.0447 0.0000
240.0000 1.0000 0.0447 0.0000 1.0000 0.0447 0.0000
250.0000 1.0000 0.0447 0.0000 1.0000 0.0447 0.0000
