20.0000 0.0920 0.0136 0.0014 0.1280 0.0160 0.0036
40.0000 0.3420 0.0262 0.0003 0.4040 0.0284 0.0007
60.0000 0.7160 0.0378 0.0000 0.7560 0.0389 0.0001
80.0000 0.8680 0.0417 0.0000 0.8920 0.0422 0.0000
100.0000 0.9860 0.0444 0.0000 0.9860 0.0444 0.0000
120.0000 0.9960 0.0446 0.0000 0.9960 0.0446 0.0000
140.0000 0.9960 0.0446 0.0000 0.9960 0.0446 0.0000
160.0000 1.0000 0.0447 0.0000 1.0000 0.0447 0.0000
180.0000 1.0000 0.0447 0.0000 1.0000 0.0447 0.0000
200.0000 1.0000 0.0447 0.0000 1.0000 0.0447 0.0000
