20.0000 0.0220 0.0066 0.0028 0.0260 0.0072 0.0028
40.0000 0.2540 0.0225 0.0005 0.2620 0.0229 0.0005
60.0000 0.6860 0.0370 0.0000 0.6900 0.0371 0.0000
80.0000 0.8760 0.0419 0.0000 0.8840 0.0420 0.0000
100.0000 0.9720 0.0441 0.0000 0.9720 0.0441 0.0000
120.0000 0.9960 0.0446 0.0000 0.9960 0.0446 0.0000
140.0000 0.9980 0.0447 0.0000 0.9980 0.0447 0.0000
160.0000 1.0000 0.0447 0.0000 1.0000 0.0447 0.0000
180.0000 1.0000 0.0447 0.0000 1.0000 0.0447 0.0000
200.0000 1.0000 0.0447 0.0000 1.0000 0.0447 0.0000
