10.0000 0.0140 0.0053 0.0084 0.0240 0.0069 0.0084
20.0000 0.0920 0.0136 0.0048 0.1280 0.0160 0.0048
30.0000 0.1760 0.0188 0.0024 0.2720 0.0233 0.0024
40.0000 0.3420 0.0262 0.0010 0.4040 0.0284 0.0010
50.0000 0.5500 0.0332 0.0004 0.6020 0.0347 0.0004
60.0000 0.7160 0.0378 0.0001 0.7560 0.0389 0.0001
70.0000 0.8600 0.0415 0.0000 0.8900 0.0422 0.0000
80.0000 0.8680 0.0417 0.0000 0.9320 0.0422 0.0000
90.0000 0.9480 0.0435 0.0000 0.9540 0.0437 0.0000
100.0000 0.9860 0.0444 0.0000 0.9860 0.0444 0.0000
110.0000 0.9840 0.0444 0.0000 0.9860 0.0444 0.0000
120.0000 0.9960 0.0446 0.0000 0.9960 0.0446 0.0000
130.0000 0.9980 0.0447 0.0000 0.9980 0.0447 0.0000
140.0000 0.9960 0.0446 0.0000 0.9960 0.0446 0.0000
150.0000 0.9980 0.0447 0.0000 0.9980 0.0447 0.0000
160.0000 1.0000 0.0447 0.0000 1.0000 0.0447 0.0000
170.0000 1.0000 0.0447 0.0000 1.0000 0.0447 0.0000
180.0000 1.0000 0.0447 0.0000 1.0000 0.0447 0.0000
190.0000 1.0000 0.0447 0.0000 1.0000 0.0447 0.0000
200.0000 1.0000 0.0447 0.0000 1.0000 0.0447 0.0000
210.0000 1.0000 0.0447 0.0000 1.0000 0.0447 0.0000
220.0000 1.0000 0.0447 0.0000 1.0000 0.0447 0.0000
230.0000 1.0000 0.0447 0.0000 1.0000 0.0447 0.0000
240.0000 1.0000 0.0447 0.0000 1.0000 0.0447 0.0000
250.0000 1.0000 0.0447 0.0000 1.0000 0.0447 0.0000
