10.0000 0.0140 0.0053 0.0025 0.0240 0.0069 0.0064
30.0000 0.1760 0.0188 0.0007 0.2720 0.0233 0.0017
50.0000 0.5500 0.0332 0.0001 0.6020 0.0347 0.0002
70.0000 0.8600 0.0415 0.0000 0.8900 0.0422 0.0000
90.0000 0.9480 0.0435 0.0000 0.9540 0.0437 0.0000
110.0000 0.9840 0.0444 0.0000 0.9860 0.0444 0.0000
130.0000 0.9980 0.0447 0.0000 0.9980 0.0447 0.0000
150.0000 0.9980 0.0447 0.0000 0.9980 0.0447 0.0000
170.0000 1.0000 0.0447 0.0000 1.0000 0.0447 0.0000
190.0000 1.0000 0.0447 0.0000 1.0000 0.0447 0.0000
210.0000 1.0000 0.0447 0.0000 1.0000 0.0447 0.0000
220.0000 1.0000 0.0447 0.0000 1.0000 0.0447 0.0000
230.0000 1.0000 0.0447 0.0000 1.0000 0.0447 0.0000
240.0000 1.0000 0.0447 0.0000 1.0000 0.0447 0.0000
250.0000 1.0000 0.0447 0.0000 1.0000 0.0447 0.0000
